10 95
16 54 88 9 33 16 25 21 75 75
177
1058
316
1192
1740
1293
1220
989
118
1575
1623
90
1942
277
1209
4375
4851
4196
2501
8859
9161
1005
6583
3809
18227
14277
7660
34283
18849
30743
14097
56459
4220
33641
40995
119365
79845
136772
636644
230171
202257
1179048
306004
124875
1722516
1372738
1425857
568488
2898569
2901259
2205612
1055097
4380677
5045291
2221923
3877173
14306866
17036223
11491166
9317703
7210330
16988277
2790827
36449067
3760123
19365218
76435703
49270764
43141387
21551827
43158367
379262
208633563
114824160
6164052
163463498
46011928
228360976
191036311
188542737
226409692
57435771
245695844
193997873
197042886
678632705
494223718
7808809
1532469964
1451306477
988696313
76973696
1844007
15073197
52813384