5 75
49 32 45 53 26
278
382
175
144
864
506
943
3437
1446
1564
6410
834
1468
2578
8258
9874
39825
24378
10392
111533
72676
21545
64816
288021
200951
142726
43248
524421
337377
610866
241631
18471
1009123
1131427
654617
301326
181235
737746
61087
1341877
5627395
1235908
3569066
4705446
7417038
28546435
13040777
52374325
8601535
68247899
62456933
83568761
15792201
80237699
86699464
10489133
106518415
39731414
6084649
158163728
197625875
121735183
114033065
225348821
8271019
21139101
257921400
92477689
40770805
156147347
29237026
425302095
41349970
1331727809
1274716829
