2657
59696611
64247038
79970560
41814320
54520515
6658827
47131167
64427806
92334510
21389945
75922699
20494353
84794727
63318728
94831653
32802562
56845902
68319866
20910896
34785143
23232550
12025830
18939327
71646289
6810412
38939771
47382330
7550741
13541080
15942313
84559028
30480305
6568681
94949258
8014375
75294332
5345263
24593090
12181984
29523334
7512393
24906735
66353090
52370837
92639524
35999261
35148329
72941156
81520634
3799875
9153183
87887565
18322443
53002691
8378843
53570934
75925778
63846262
91465402
41791185
50272304
90730589
4016797
38314122
73028533
10979070
17820738
5895211
94428226
45850272
28055699
42986666
32162336
35361177
68593175
34866231
21801231
49466271
16728285
87808729
10119479
94663486
1387087
79918959
25550671
14469120
18223151
47103960
3649046
38447515
59084193
80054704
93120615
6570578
16300004
53820724
79179014
86104493
47214351
6620803
96154244
41258098
93896660
17173364
90224449
78859561
83323973
39350546
37528057
46535960
18506391
37741878
53655057
84894906
17712644
56947399
86087500
54591578
38112755
12321901
69347371
5432122
8247413
76692305
7458600
22943073
4655098
62408170
42397853
83932613
31344791
79784244
37580556
24000520
59586270
39060388
42526868
92896516
80600910
78384136
19888673
37663069
71709708
3530077
68250069
19131474
4718202
18110965
41289459
2811877
87250684
80382954
33980048
48201524
14657527
37295953
74118702
68998543
13832110
24223784
84805070
42039662
16039683
41361017
76172646
1195756
99794934
24607922
6958339
69268369
75510219
13600246
59350917
3640343
50191974
84597215
80686058
29770971
6792112
14577983
88492390
34290428
91470711
27508837
21507221
92475362
12504619
97691283
53474449
25601140
1934979
8937348
42033037
24997707
2340916
93955699
17838681
39675166
85166126
1444289
68638794
1584764
58303362
61834368
61116406
3046064
11470611
70286760
79526626
99251413
99889462
74253215
66856621
35054032
67787078
51391435
55818795
84226271
87305769
41919214
61593482
82322166
30855115
67060121
98022619
23760596
18640185
37558567
71225085
36498349
8195225
19872988
65648430
2448943
46663575
32641737
11116040
65370459
35329906
26227790
44106941
41668282
3423987
50848196
67905290
8865982
10372721
74103596
36791822
52650064
7434107
80452690
43131087
30891413
89028162
47700422
99364489
69667835
28715230
77022971
58087213
32382263
24799417
98235556
2739328
76316485
71214182
66534605
80800327
26621517
39330088
97201162
92662413
36112950
81642017
76095910
29662914
92666829
11708084
15533819
31374646
13769183
66609695
86957466
93343547
92008784
87988582
68631515
92529588
71511221
42221963
52793342
5121893
48587106
77873792
91862855
16430902
96567497
88469837
70660423
7457460
17066070
14113439
14955479
89241299
51720375
77438526
20173556
32099778
72041316
27393370
38869132
43358969
54029338
41381576
25218470
12851230
42257910
92677236
85243111
19146294
53797942
55673142
93492213
21474778
50716572
26999479
66080169
65241017
85602038
9181442
49553601
33489237
12890745
46995313
32123986
78905172
289114
80965392
48499192
46411419
5041405
63613336
68134703
17126626
90656039
95027883
86867236
73337226
87421339
21402291
83421921
46475779
95136769
77827435
16251467
12868833
54905219
34814147
47800865
30254077
14740245
46466356
82259339
725552
87010894
48710429
69492430
97330510
8598469
71537643
89807228
6941866
92406658
57796491
27901926
21425768
61206172
33423047
57691328
12797165
23055322
33208261
91755962
45684077
77413848
4034988
81148346
8135377
27903923
68272324
84774415
55522320
43821887
5124200
643832
69423345
24311360
92417567
27861077
2664671
60643089
54735521
13389820
37992828
68007569
9700025
37732113
55947326
73148031
59990754
99658168
98655939
34062312
64399948
47940214
993963
82922878
53880799
25957626
27129130
77336480
76385191
83358410
58742003
86736581
17880866
45167750
70511570
62941002
21053666
58135643
66649672
84041437
96072424
82903046
90487710
97987761
49809745
6436064
30332674
47627579
17689702
55942939
791144
97812482
27564129
15223773
15398818
18293330
38509968
62623539
39811521
37797808
98556700
45848040
5960741
14719913
29936964
20451573
18161047
67599367
9669062
76728174
73210796
43583352
86147616
9080699
15757202
80273300
31487495
18819170
19955636
8605141
33292883
9111783
68262655
43947353
61461482
12657235
15224748
9345955
17421009
50405248
37027952
44488790
12067351
28690329
68284130
13274522
27358590
72490782
5530115
21015094
18252883
67114083
50456884
74184245
82487299
30060556
7581156
14953719
56150268
65211821
28492242
56442903
8865371
33691020
90361355
49148744
9219960
62724957
71669668
74550733
9372440
37363872
15633335
86533076
23376157
49443789
23455045
44624446
48064807
39148023
60903244
27307179
66441885
93754044
27101101
43351164
6057015
85313384
19153582
88194913
95974407
79504263
74390830
49061967
19922389
46312101
78401293
8246372
42402530
1012461
33052140
44628499
37863399
14987481
23588202
19692232
32421898
39950504
78717795
60054013
78270447
32786187
32012341
80807836
36031592
77160024
21074759
70048180
54907594
71220061
65342958
47930067
64040710
59699511
94818228
53276812
24073907
79718602
81819109
57513860
52385604
57622181
42246692
67038223
60059598
97328074
62770484
99130576
8068806
13931259
80235467
45247200
46436518
19858876
26332757
6298594
21863100
14489086
62188557
59612433
15880016
7456684
87230150
1680640
30604491
46279136
20847827
54480061
14840894
3873429
6288458
71811747
42314660
29680798
35227437
31210555
71163439
56294518
87632855
35889478
20715407
49054947
18730937
99925518
8947650
31972439
99642789
11479843
54150227
50869884
44323061
58725429
40389317
86206413
9189433
24467136
37870620
46123094
30315314
57233481
11207935
79159765
70983394
60968162
31666982
40489885
13550876
22567905
66847995
64886318
24029372
22822013
54581412
42062261
48377429
30630637
14416201
74921743
14394124
32574847
53308434
47148017
76326999
81510356
51361928
27682692
19819669
70891419
66138695
74078031
61625936
52967076
81096295
5988399
87964763
88609981
82087695
51480936
93649478
33937674
29000284
89751943
65859316
51842651
25656409
39237906
78588247
43507401
4753026
35609887
83009388
60370722
43329403
21390911
97044394
18629261
25257656
93130153
99087698
71999994
4193273
65259451
40917207
17524697
110886
93737667
65135839
82152727
18669934
61365120
71421280
30583576
77967043
23556320
78965325
97997608
15308274
48890102
87267825
51678053
11627603
4111744
86604704
27227953
95657127
92940955
56188426
59049680
98619291
89418133
77661188
47182097
86207646
25026331
66630796
34580551
96415788
70762055
72988970
85130532
3215931
63061142
67572467
44277785
80978009
48645556
63753653
14681540
88512664
93964523
45839250
71510188
57072286
64905483
20944995
95979481
85087380
35976047
94609567
95170454
50992652
87527011
7963728
24070203
17465474
18032902
68371421
95792625
63380992
88932921
23169825
1779691
52757134
42682262
90707203
83642474
38038357
9398362
98225458
26000820
54466110
22350657
85337621
15972708
24109036
78528549
84136051
40141697
73316142
36573262
79165571
81847813
43452699
69958246
23082457
24988871
33529865
17405362
58724876
15676780
99919503
84038435
55390076
10664846
87505755
48578847
6852825
97269993
66298718
28008500
12614986
5145805
79177333
42433660
3909972
40771058
59676459
96851131
65425314
93000556
56527011
83381724
54091112
28622836
341903
61168693
15421049
12234146
4834646
37473892
92065296
71373142
73897990
55834675
40589298
62092052
97044100
96894315
26941467
42066843
5082704
98334427
84768624
63079116
69661485
3061803
17980204
70768580
74257801
43933523
33906805
10185001
44897382
36822154
99538075
43154801
29452611
5587955
12060951
21125529
60437657
83724214
52451335
94575052
77978762
37311241
89079898
47304039
76295638
34121630
13873927
47346502
93481990
83244193
81694398
582886
99608992
56736641
59149487
26456604
96191967
29160334
52533045
4973109
32556152
39101569
34655935
87209786
84613424
72039698
78519823
48010302
11174933
7701463
94355954
82169126
2684771
1974500
6754171
88811151
35972637
33786986
28452449
89017374
11881437
43120534
26201321
41226678
3532101
32344102
82052068
69491635
11294766
72875625
54950585
21095619
32549755
43494745
71739235
87882811
38421965
42948320
91191825
93254909
58150409
9935701
42858154
48446042
44722525
99989271
88841165
82402155
94159215
94359157
81496878
87739095
58563245
63421898
255173
41208964
15585169
65099559
79416189
48636181
14584872
7786524
32373025
18541993
38239981
6636347
72820518
76250883
66506079
74038024
2511264
33325998
93001409
91167781
17848644
19030862
32514722
11951027
83405127
27120934
40961730
55290625
95072380
26331471
48962127
38400798
73911574
70857986
22399374
78320414
99907377
4051863
44462072
10501572
12523105
3499352
53230416
7198248
47060436
38553802
19645976
70415572
99121552
73196126
75344841
57760737
31870581
21916053
24774556
51695486
4624034
15124990
90729029
70776455
18520481
93481485
32772438
51927256
72803176
18371265
879866
16288957
56246240
18822023
59509163
378952
12552479
5585014
55610142
97553126
74067264
55474435
72606068
87261426
69320592
39939203
44662379
19192114
39312948
83938650
36319361
27123157
93741957
28841025
68966421
78843789
30151524
18311222
67922055
85749204
1529381
3666171
5962991
65818640
52782853
3642738
86934028
9193347
91625156
3108126
74851044
93944077
14110883
63599943
33266286
82400403
73110195
70189327
33573351
34991587
62246899
68867670
49825691
74440486
7445469
95228934
33866012
95875807
76839132
22810209
7185942
45119627
31631644
14352165
8440957
46526574
55869756
62407619
38023329
63844188
80422794
98684795
42860214
69785485
66971977
84374457
52064045
27842963
98222673
57513504
79989688
38108084
13512005
28654210
52835253
33335180
38926439
14914562
82620303
26371981
70422495
20362546
96693726
70913837
71619264
27410705
43501454
97780375
42446849
45881894
71434208
40843050
3233379
94783187
35641482
56010773
84996691
76043359
84149638
80405961
8751142
73235419
64443535
67223946
69745077
67530322
98848683
54728316
25882761
28264277
36796130
38337597
96274101
40423004
1389464
6586221
98140882
82852167
23456802
50339235
40830438
15078605
87321224
6557532
87263616
1241789
80492987
86815390
62728128
75345729
67799220
56837451
97582666
71921466
11552425
6247855
41766906
14889330
43127813
65333162
91685539
46666450
67678885
69943198
59638588
68750078
12543750
70784266
37892403
44441929
99283992
39047871
16735383
11990948
74661773
86153853
81694004
78542662
29730086
87425963
82324171
23944352
91755584
30934187
24724468
8491048
95427433
46370168
99828293
25881433
90526315
75523239
37313519
52556776
87026338
1256315
37914446
89728098
39905869
79531708
47566500
16325481
92544796
22225944
53563565
56961128
20341514
48095035
96195661
81473126
76631676
47858199
10660303
31455953
12507886
42827486
67209636
34123040
15891976
93050138
55651015
91527059
5386205
28123550
10684244
62533583
78915387
67086486
90144816
16652620
75498276
22646511
16680280
85874827
2489582
28307826
85517861
21597851
68210125
44281955
46177066
44444140
17515292
84025271
12462907
88240855
37431642
68686569
50034120
86050106
75729556
18312888
91036384
33127802
78568352
85317026
76853965
72108440
21959062
64420507
69660217
18848614
25353077
91984767
97617840
70112306
81678918
8198572
60707751
73721709
30791289
62124585
59244497
25424963
54064544
66676194
9492292
32934032
64473476
62045489
19345892
96680546
12299490
80778139
36914113
80815653
67411911
72992341
90792571
45748271
85023649
20729621
23672310
72528764
92899231
21345782
42072002
49805797
33060606
16993226
87689042
41137584
57123601
37128954
86148913
5688846
7735988
75993051
28090949
76042214
52998068
18772527
90531804
67776862
60762146
16639717
78941954
25505610
52242760
79136188
59306489
45031392
36758444
8459706
56754884
84688565
51728173
25293200
98915005
17032390
44542968
2332598
55530495
94502089
56575754
1229903
68817430
5442011
89870102
41985363
91528835
48518414
49171174
4370080
19447718
26239238
7198940
21592793
86711030
54857833
55191333
43678718
66670863
15008042
85950617
4993355
67944541
26573319
27131013
13870194
6285792
40287262
38756074
66861700
49118028
92976148
34394200
99990623
47286894
81878068
55459195
67461746
67971672
94471591
91479515
75477665
47536191
95014563
17503065
86922926
92525368
13868658
58790419
37562380
19891910
81535195
77227845
5061815
18551761
44394977
69552930
70181074
32576561
24099852
39591327
87991608
6206520
55446405
72804615
25762850
53382325
14224586
20101195
11042318
24949383
32756962
8615812
17526513
40404664
82616951
2246871
52428187
2015905
82343607
79306447
64969011
50948710
25178707
88527425
72129315
13413985
47644694
25645906
35388164
22163684
74947791
40275305
71382151
12029276
98536070
83701364
68411385
70978284
76459814
3346501
18464329
80424780
41835763
7891594
79502111
73944831
45226651
4580186
30541434
59154316
14639029
62122732
19704282
33570826
93929334
88005103
61718228
27933830
82826828
68882986
20524680
94500616
77927268
68340872
69072605
55081433
74149730
24073515
85037813
70691524
38568811
75412950
54985053
32611249
97328802
10728645
75193814
520971
62514298
54792392
97921960
15191095
18549452
81772504
21707272
68162069
87599121
53503874
41826936
34345673
40277825
10225080
38809534
29787828
68427890
68682218
44694909
45619425
75389418
18873931
84443272
7262328
28939129
70316702
1690797
72611947
56755242
2613026
43639932
70675052
95311283
50117609
6043417
41353532
25181719
39150109
84055091
62653289
23026083
70489631
72532408
74448338
17734212
27837619
4895354
97026624
86381495
99422827
50154601
27767961
10338238
81264838
19908196
53878575
47970060
64904304
80825143
68894561
17200994
62998703
65643841
55398285
11535422
40782833
89790838
89490916
36647734
79822117
82508911
96804151
60414188
10960552
82773602
4390269
89600773
42552108
17105196
10177630
5594719
27118921
34455060
9581666
75651648
39603091
66780179
97776985
42873605
89961889
16861426
28406933
78535031
93079025
41154824
63669969
72481887
84733093
12017824
21480572
31302642
51081602
36401436
33883503
10151443
40279278
22738096
8465728
46059083
46085593
95149874
84800193
83887033
68792442
68675007
22124210
19905117
98619111
43795359
29191439
4016023
46985325
92956913
14622266
68479436
38526551
21029621
63783594
2481661
45560643
41945413
94898653
30170319
72672296
78062307
68777877
79761543
52534138
93266495
76691421
50616992
9238910
72820763
97162286
8436949
72142696
26400897
80228817
41877494
37965754
68855342
67819527
96761778
34968200
52387902
24945910
82783095
75846675
17568453
64219221
17336374
75428450
32287241
82269732
25781767
7043009
56740967
26970436
91237445
80294648
30892129
68850020
37763875
99543526
27748336
63707175
4824551
66431805
4035085
38659116
42174727
25310514
10215802
74477344
50732985
14760325
12652159
33423127
82850998
83505020
523158
67059253
1603253
14542916
73930789
10598179
620862
65197445
49776723
27620200
54098359
46912454
52795750
95212085
31755892
51593943
21659370
22464357
2701649
97550601
7814479
22517109
18005756
95334911
84331492
8271469
96419763
37569880
78156364
78295119
91568000
73177193
46605777
49323196
27338453
85042581
84414676
18252512
48971131
81334182
9187914
66725349
55944776
75785112
62574713
14306806
83803625
24210099
26100032
86346102
92665121
90023150
24181938
27607573
21571971
1033011
67903857
76384707
46522579
27199300
17596867
41773319
75188974
80701582
14497949
85958466
13096388
65525833
19521476
13520164
72803945
10991449
27250013
74816391
3134262
26026351
15777581
46598263
38453664
65941147
52366800
49980197
55951135
69377848
17659061
44470363
82060363
8905700
38826344
75215411
34800507
74433876
4748043
48349895
64355988
80403251
87019282
64497013
91219224
87337278
76377110
59448598
48875621
43885658
83944819
81985964
21383620
81525979
68442758
52156070
18626647
89721002
88431443
86139089
53859855
28456887
75514395
4090677
8716525
50818702
9297719
76641892
94367979
1066989
50879658
65997165
12790303
31540798
65823622
31629194
88593281
77595685
41387043
71607408
4331803
96430578
2543897
23773049
21676201
7478263
49908403
29004978
75665423
99820759
75442385
83286474
92311165
32541241
59791149
56657915
12186495
25644110
49322301
99013211
16586274
68817898
13307687
91784167
33008489
36176674
68069551
17230829
40620438
93858876
34507456
44093013
2694253
73246029
22461406
41196637
86725459
51257811
25271920
32865201
46717662
73893900
2512311
59319771
43071434
12885176
53397130
85491909
4351564
22292150
22314871
71974764
64734397
69171130
59996750
13715917
64346611
85705925
55210251
91710209
57784429
1360782
13995714
60019941
27302164
70247225
22083303
95283081
89409572
12096640
83239171
93778933
50296657
13314437
42329504
31680259
62261002
72309415
6154015
61087315
81901673
45167008
66437620
23447611
19681208
66070507
74150540
8985942
4247326
19223153
74268398
13640458
80688932
64791312
83144021
33679686
84452551
76497458
47936764
75221767
52157932
29616882
23893138
81996244
87138158
36642119
77053968
23173301
75619089
80476423
30104063
22009617
61728612
34669672
41902655
39166860
45284749
97826960
62499031
79270946
5401791
1985007
78459187
76384697
71545041
56129634
18416183
4822334
12376998
66661407
77760871
82092053
53427085
65130484
17341774
98398204
83994484
88004376
38967406
40545018
12991959
80310965
83452127
57658732
36254950
17241659
68135179
44055735
47461664
68243100
6889624
34679763
94708404
83649734
63567888
79099635
33052663
78609092
2246160
52385965
75597063
34100551
37919353
63803203
67772789
87421102
88717789
56305370
39945754
86976990
29880259
51992372
95909031
31724189
30669177
65668692
75204331
67507924
22405497
60925276
22789535
59718024
7341641
6072229
29107527
85310195
57159215
66529984
86341492
23581695
5442950
7027297
9463071
32044419
19942782
43562321
37565732
16837772
777490
66954282
32469523
54426723
9992284
33082011
15980437
47748784
22716756
33010660
55870983
86540519
36563103
28727657
2677248
97215260
14189233
93711370
11254605
78960721
32525735
24372339
20802331
66013679
15531633
99520677
55632748
72606035
35712437
91295545
88993302
71580668
87124577
7010830
75299716
4230995
56655591
63354761
20742683
39694633
41049238
93972200
98681699
70521343
51010923
82700153
12530440
47083096
36194110
15008178
86860947
55730448
72052421
60143330
41709885
51651250
91839541
92380550
2205647
67973263
49912771
90510399
74435651
34580468
78227119
92664936
3707543
8323617
18366130
26483476
54851093
41912153
31011700
39393014
66705999
5538794
66883047
94614080
49340624
44065959
31203987
27187687
27303309
69186841
32448371
84882215
7925718
60045601
45286807
19132789
19797985
65839633
93704649
6691602
89583748
37483956
1819742
36426424
53856819
22925766
34080748
84785933
52616057
2291082
29069840
7785277
40115939
11700193
61229961
47287614
70163998
79167605
82445875
62548631
43734678
34516404
96617338
38055079
14260126
32840241
39122497
77995987
2996706
79775416
85697649
14740097
77566296
35538565
80789823
5961280
45458707
72679997
12379147
14687205
76702897
48380257
99840654
50426448
13640751
36607741
24453454
16314090
94074837
84614955
57162417
1417021
91416541
279959
3282197
10381180
14898587
34432877
48659540
81989053
71165154
34124165
2587897
51373494
47262986
64638046
29495474
46290795
37105039
42225288
32491727
32495484
95639383
98228258
88478686
7478011
62466727
14657797
70535086
85500235
35889802
12877898
20543651
33650612
45424769
3659453
93053565
72639806
16584611
49264701
7114901
78312788
93417016
33823689
72645591
20834528
26077635
67935503
20166584
33850351
87166449
40830199
2664888
43985809
21074451
69757757
56827972
34758402
54867586
98805605
2015127
94458293
63093896
63563876
38995772
7520114
81999403
55649737
66537002
32994261
59948591
95910760
96506157
96615260
33206798
57395055
86319928
57644836
26519988
88812676
62978734
75519789
54138837
64324287
39207700
42214762
43673690
65371579
61175168
10963397
22192673
36362088
72561667
49410663
41515831
97060521
57463796
92030979
6514878
61980994
81486652
95566314
83440552
78535973
99138953
82448421
92056276
10001736
338619
1088372
22171294
60251547
3257091
83538505
24832044
70412655
17883579
27863228
30419684
75803979
47460428
69149469
19755433
45782036
67930270
18932576
48409966
19464216
42754500
35647801
81143183
77241327
53333610
73791760
53633377
28915990
81419529
47125654
29173301
89398391
44481972
77172826
56542372
4455964
35720858
9012182
53659850
7435077
20570590
61223853
57913435
49406798
59763088
96944243
86385762
42437053
81240522
2832340
34683036
39185582
20858600
98443785
80151016
44048353
91180436
43824206
39213500
73282738
80038367
76560436
89614322
91949972
70834055
15304924
84189808
84244394
88388319
41049622
17219776
49966534
31203227
43115610
46954364
48780276
4324156
17526385
70465322
31759091
37571490
68117547
40693289
65895853
45615611
16173653
52532582
21006578
90542737
33358683
67528736
68682070
79305560
45175069
46038356
72536372
12370043
58165566
13685042
91538711
82292392
94720832
97413263
35150805
31348976
65539805
24272215
19089286
83756931
89042977
58984746
86969154
98180607
84097618
60610890
69447419
37319922
72079552
44835290
61029956
94053850
16468180
7680577
44700374
52887946
5663454
89369488
63595384
85344416
20404007
30626840
5105091
3293979
71303167
82409899
45992444
56773879
13709796
69867808
82786592
92636534
29865840
91483129
48125718
8374131
79262483
49881173
54556680
6087138
33574865
52040541
29300524
73130283
61700118
55771014
60866605
70906708
76992693
59737000
12988296
28519190
26151627
77318377
26633139
85042106
34447131
72808252
8569730
31118784
16860687
97817450
21593438
84268568
6588292
49741867
28512431
645559
90052190
29050906
76278562
26820899
13545178
84817399
74443697
41108347
83906452
96542997
40975672
21825773
78737353
2048296
62461809
52305370
80428100
13053269
19144979
36582870
72859181
83462410
62697067
82618039
8625332
97833552
9013440
85335189
65325818
76651775
68868404
78955717
60331062
59970095
72746754
4287381
97313671
33982240
98325445
33808150
96063352
98217988
24267640
40821839
33457125
82956627
35143086
88332766
73782975
70261217
29921026
77772139
59565774
16263937
5658435
93107600
9507294
5377045
74171430
55198039
69669437
73809154
49485046
7089178
69801437
14772842
60123465
74251454
45656338
16090608
48398423
24085593
99940314
52737889
27628391
86878363
56838004
27181336
15675919
60258144
32301980
70596903
7664866
63851909
77977687
95428606
75857045
93232465
76047968
2221899
36234494
60154690
24240561
78683664
30387232
23361793
28332440
94319226
10376561
52685320
95095566
41209105
53677621
84432453
59014771
8393017
12097751
71835083
27501390
4742336
37014080
94548398
18097429
69670398
89960681
25259813
681609
7852095
91827308
61589987
24957123
33528605
94853120
63521766
95530337
41677026
2900748
8231402
95687873
46787064
72545268
70281959
5857641
37798704
8729639
83133255
77926056
98965146
5247108
41314629
5539668
69664810
67341922
1573351
69995782
91048096
45389652
165057
28004774
58388948
20582669
65611028
83605795
89362450
62101406
49370645
60536461
5236239
43221080
39893053
73905462
17139244
64253256
29971417
38736520
33331489
98571623
88262057
69958546
29499979
26892463
35250303
22540839
11949733
31580204
12701998
99768443
16471772
91866431
31037803
3296667
65486025
20391755
99516944
55794130
50752639
29666837
92188066
70491197
91830748
56504154
85941148
91956097
15761150
65556313
42330969
35998115
22908929
18889335
26544612
51673886
87701059
39596592
44268509
33473121
89512780
41214069
11917037
78547821
35366376
25896103
81204514
40243398
91001693
66869853
52558123
53784876
39583591
42554390
72252458
28573317
64565359
84029955
11491294
53628606
57126637
15480827
28830547
96373386
29410398
68788243
67265882
79449562
34726724
14058596
60997224
47437837
47478312
81633412
23074831
77889712
13322070
50312936
90426301
40696166

