1564
85400680
3131142
95268332
21218730
54192685
51178513
73581457
22434994
80496465
53666980
15361432
79414695
57113899
60784463
91721536
67086295
90445390
44731301
77564168
11680824
18901490
17550720
3278777
19313864
59761372
54820454
81467549
70991482
38887398
30051232
42475844
26939304
22506990
98930081
75300855
38792434
17197596
73676563
41185935
52351876
65565153
95790982
98669004
82347010
31614535
50616312
72619618
56980496
54256334
91612719
73775068
64694089
74920886
3501236
63214983
2183796
93702084
58695514
85091559
87283523
52612426
58058553
66111909
93809064
827883
46121387
84832077
53348797
20642825
29169273
26585928
57979453
58971324
62761022
82700256
39452093
83461862
12878033
2508197
11855594
88472834
14009580
84668959
15188709
35850436
63161091
67719709
96680964
44515348
50030813
94746692
40439127
56950459
45913764
44171385
31800012
12047760
24614924
19754820
23571790
59274014
62125980
46967597
96377839
36463923
4406911
74189000
58893873
28830111
9349933
78017700
86856074
94134336
8429758
92505651
50273085
20650544
28825841
93464534
45741692
67428974
96868269
68881946
69458024
15558157
82407632
62396044
28064038
86650950
49979406
10444844
18486811
20568373
3658335
74263339
45407533
17484712
41365968
46101126
68120560
61256115
96630158
46499397
49486981
51518278
48582293
78812591
81991628
33372156
990869
61758552
41381963
6532247
50391066
47676720
91232709
32908650
9176959
70697109
66023282
56624855
36242676
51561339
55514832
43161603
60567513
6822804
92707046
89770492
69215515
21393711
64408393
76592352
41444800
79427394
50241593
67549390
48025802
8781520
58607933
94188715
44057432
75983143
39887372
70028051
41790023
22345726
15745281
8618296
50878257
30543003
51937123
26730290
17858963
93837717
70491299
93545062
51692141
40007775
24477804
50755072
82465823
9722222
60416028
41885432
46189188
78255259
9733425
69009248
69935935
69781301
96651489
23938491
79966780
44696484
87508716
88572108
35024051
43592012
35206947
7139524
22988081
69501398
56452530
19672002
62339623
55981181
79247103
71085114
43396954
84046389
84186821
45949440
45913206
13113258
64478189
54539857
41512087
47418090
40781015
64121845
55547410
77417072
63106889
53235984
85361358
67436820
95148615
56618758
37281108
75613145
5766147
88151491
86485252
67081836
25275243
75431885
52921199
18438400
56543632
57844738
71001209
72292422
24063375
31408521
69823331
19843387
24024914
57668673
15240892
92585718
40078663
64898062
24921491
96188072
25223560
8171126
89650563
59068239
40617069
3648717
706058
67772080
75504939
29745419
48638405
47077507
62564186
10053696
90424027
19270736
97810989
80791457
74032716
51011089
83354826
23696247
66441079
73186180
92764153
23764015
46026653
89127028
90558880
24978483
58938749
74664199
68911855
33051784
70857161
7158177
53282740
10422826
47054863
81986478
46816106
47371185
20236726
37917477
40670115
23894082
94351341
9524568
71886053
21252267
94033934
78229257
44016568
36665542
95914861
50013398
42661585
21509043
38515982
30113461
76451092
28054604
28093712
5686267
93091978
21757808
49732575
84249342
63152511
65499869
81769106
71618508
35009012
41825897
58867420
67440852
79708127
85461385
60498164
54557138
71187230
63171277
72503187
71423436
38118225
4256191
68217208
51418381
13586350
37708400
25190981
40311474
42176447
75898375
96262619
60728007
77066214
96779869
72611013
10980839
47552321
40920941
76771324
54459910
79673748
23071798
8744971
45704312
18878915
47904961
13382925
22108563
68833543
27247560
41985664
79794054
66734561
59776502
88805965
38279402
14680025
34348816
88216093
14235286
78256274
26792530
66061932
39802781
7698316
26046059
47009937
91192531
47104871
30867778
72865740
81791968
89447518
10768259
1899509
88977948
8639857
21650828
66991408
73239893
22844365
38648320
30649690
85634330
28097976
82237448
34178937
85429520
28453820
78472395
28448218
89205714
55018702
77845593
43112794
19930251
16160116
38299200
30631323
76940161
25690745
46399723
76254779
64198105
37249230
31442755
54966435
21073945
19269195
44585581
84328619
36169848
46323547
88943325
23220385
75356721
82618429
27087617
91535044
39590100
35157465
55191151
52527399
93287099
2678450
88716031
94546710
18428456
97811668
83806566
97454596
57160357
53511624
51776787
82957496
42726947
53635553
78770999
75933462
13295649
26559588
66277431
38025937
17449110
51399998
79432737
51948949
49304982
33123310
1695886
10659123
6737560
94211808
47599749
65369158
3691733
30697392
53161174
11236000
25657688
70506325
49597755
43373561
88744949
12783490
8637863
3555936
95840860
62159082
48807842
55718363
57032271
48253869
31518029
88031172
71158668
1298853
76665722
98389500
71293732
2156033
6784944
7388384
91681830
92726131
42744041
24140723
64983733
76701543
37531134
77946700
62722542
61157428
12807217
90623864
42355103
46504386
24940260
20035499
69791559
28448897
49623309
83391772
7549582
70246657
97118661
66834730
46827596
53766592
21752270
24443455
53147030
70007081
69042834
75024635
50721390
24769293
82169222
86129133
36148299
96057059
95962248
70261817
26722249
3018275
49307021
75789627
46855162
35997331
1335397
45365799
12550663
58269814
74178022
79272760
86884047
57255125
3679886
39981707
99635905
16084854
15968280
61595195
11112557
27136077
22795952
84362231
29787975
84181496
99049679
46297638
52115340
85071895
36486276
98262892
7670411
23459348
30227944
72012203
75802560
36894272
24908278
71981892
71251716
4389965
72583890
19401913
47997759
13647709
77365957
87223396
8470561
6982915
48116531
28777690
80679966
47687126
50708085
68940204
94095161
98874602
19050192
82584564
13799053
10619005
20566779
25873619
86522238
20917492
45644115
61653005
53410690
21791673
9129364
53974256
96689425
2352
32508642
16785889
13361643
35720746
32320330
87402197
54187766
98581545
63417955
26963750
45278467
78962409
65782084
6174207
88546704
8059023
32714690
81356620
77906536
70892506
26392124
95682919
78943452
45796363
88419760
81386064
26663619
79150356
4449487
84877699
11720907
5859448
47864554
39148609
25257215
94115110
32782023
62027993
74909556
4681082
65533882
70219285
15397636
83009190
68950491
45308949
16463915
73096809
82308912
94812160
42895092
52469320
84941392
99002846
38871008
86796456
46639679
5831133
17469280
36505413
72414804
20171025
64370729
33041371
88824448
52433894
18237853
9618740
17683343
39294960
74592912
25296315
14170723
2918199
18324047
3776229
27153127
96072325
72842309
91497862
2764671
85462598
75998922
42183112
74634053
41943634
53091445
20371720
38973589
36065855
49507554
15457799
34777529
91753341
77817820
44120029
41333899
71394778
57838641
53110664
58803719
88421301
38122183
69402875
55081538
91332731
62984046
59912440
66641082
6081931
80261486
21022042
48310896
13785928
24227800
28486872
96265978
3899743
14960480
74668528
24875670
95237993
23218712
42352477
42978002
76774222
91259041
4171817
16556014
48330523
47167628
9439787
42085653
19846952
24550667
14596889
84565711
59595174
5503604
53764896
79964621
26579281
22448214
99174294
56120209
97108295
11542345
18664185
40926567
71327506
22312004
56001049
8282446
9611445
54467480
16675004
76896696
15478889
72443471
20146404
87663669
65687931
11837181
83891676
60110320
44926595
56506288
21807286
51232656
7377968
48832072
81880950
91989414
67323125
68858484
7344144
14552774
85109126
72759826
45668306
1818518
29137633
57714361
11820351
97519155
84187690
3152237
98817639
23199542
25048420
51163596
51572681
54536670
83062045
36980077
19549266
12798648
58512236
23520617
71883582
74836037
24927740
85796749
37716283
82871094
58356579
80067597
8437844
69015851
72515712
86817244
92512884
87256382
50958708
6498070
43766273
78816546
68767712
32733498
72272144
91647873
88423456
30221759
69436330
29267278
22761605
86787803
82279731
93834960
36061955
95867809
18601636
91040946
33616446
87990495
783306
1801881
87230955
48797651
99856492
23637136
40750548
65345953
5288454
61407383
69827966
70418011
37978536
476104
1413207
93727267
19044282
2184171
69928044
96548466
69991242
94439917
54248464
13846698
31692919
75037622
1205853
27510993
57743113
23756458
47717397
74891048
41100773
88822188
21471496
66854755
3692170
49949606
38297487
96954799
23191656
93883840
3083046
73635883
64498597
36770489
94106333
2060672
75351374
67560868
54219525
15561370
53202211
24759969
93248800
50590313
40540558
34522028
67324796
93432270
78290112
393929
71292340
87157533
94489698
97939153
83849447
6248008
73039620
88921435
38521467
42604255
71246710
15367990
88259579
40218355
85522258
94122808
7657240
10491195
41627577
19295052
23283689
3730957
96956582
86745913
98538900
41797307
48278625
22401589
32341607
19814204
67133609
82141077
94167141
64669526
58579834
37347088
15375537
99683742
33364290
78559273
19443296
70847661
27187278
91728003
48451343
55496253
17621373
94254459
76342661
31458613
53703795
61436958
83688679
72008278
30139484
24351786
83764904
51746431
76274915
72547192
11015471
26101634
41972159
51440097
58262763
55671865
63632830
26606893
81636965
40192588
95053803
18993965
13762265
72018690
93226413
54027605
57749976
29330633
82682957
20006557
64434388
9979606
45193397
3695988
30912420
46978944
65407047
77590243
33129661
37138386
14595872
21364767
56266764
70790313
68225575
75248862
49527817
25941375
75678394
4541379
98616584
47432295
67616895
28077268
610716
24750288
10235834
53139388
36681854
56787668
77673473
84492624
48628947
81095479
88763176
22635390
12975945
92234690
82802008
53108668
30143080
13491001
57470872
26375577
37881889
34145755
14456669
92165506
71020878
32945970
53207887
4738235
56181018
7217603
77246054
11100478
87026237
99558808
25201708
10827897
92327820
88646716
868262
49961772
25977761
62027364
86017774
28814921
30236493
3787691
87583007
23284674
3492164
7231168
88439321
22055346
47089603
86166057
85431210
36553251
71541937
99074573
31103720
19560530
6998829
93903308
96694346
86220310
17565780
24180243
32707084
24821335
49817694
44921040
63143403
82345048
18943600
33690334
75321042
45863389
77214361
66528672
60779997
84449520
54256684
63907793
45921318
42430220
46093892
36006589
53423892
19862577
68231065
21411067
14126465
50677149
27319031
90828981
69598696
59674635
44515342
66723659
54866767
75268406
73117692
36800204
81618783
90488205
14704070
39848553
25993962
37828282
26151484
78425687
33654596
64900210
3620441
57683280
88066562
86262797
65232165
73924561
12945605
73913466
39754917
98361935
82818245
41422193
99471545
1169981
33007133
84685139
78729125
36434479
39618268
40788995
89844861
46461119
31952461
31660589
9227624
88023094
52185410
96325761
30352445
81294198
42062959
97820096
67440182
48143038
4357504
40294840
54211965
25598537
42768092
68974678
88917945
56049927
51454813
22388263
88067126
44747587
21206305
29947444
40708442
75077393
3224426
73624653
56827010
30497623
94121596
87287156
389280
84759753
68489288
37696491
38319395
58141133
50523258
86221352
68666050
68073200
78559572
653479
31560474
6290420
89368815
64191828
55566801
3321609
9876751
30405683
8277218
30141293
46358805
76638398
48927298
36236107
11079491
37808439
92650183
54378450
58059175
76565863
99754888
71859199
48237268
56015733
66983989
35265783
74316355
48355000
71835544
67461371
28081671
83008781
21467630
27069425
82271389
31951145
4656444
81519681
3201070
89477205
85902558
73450632
34044779
98424060
59165074
78655047
86519400
61311671
42267405
28444591
33132858
71941388
54778323
74747254
71838662
96050487
70088378
72499600
78924773
12929433
10507506
98972866
18203460
99363635
11195148
64248656
27468685
21482025
48701791
25688986
28743765
68518271
33210616
14542759
99993333
64132621
33148931
52612432
37854996
12231769
68395118
2464948
24056454
99669008
72446975
2853242
85982950
56810930
43447375
65059512
67112884
67403378
44996476
49925232
95056293
67864817
95048895
35129787
41001363
36820722
660983
71723046
19304999
85576785
18954941
86587140
43937360
85112287
79778528
7924368
45752995
59533784
41509920
77409945
39812689
98037182
67145515
15832595
95033671
87656863
51299489
83156552
88407712
77519906
15253037
96706733
70593509
92606128
81734111
79946832
34620980
74530569
33378005
76855324
8232130
14944791
22891060
26961896
14118289
55860631
97136189
81732225
76950073
14721417
58725403
7740381
85548867
41340271
98793381
77070
16995311
38149903
35292915
43606856
6369876
94095848
20953144
44847279
70925923
11846753
27974592
76310606
21411471
53128447
52796467
24056392
10534529
36354739
35004180
22903092
482477
84709108
22184906
72234743
5646780
46227657
6634632
16670692
21218600
7888266
40362103
49125114
20467394
2993571
37617604
75367499
67274986
7269958
45268984
32864605
73798777
26073165
22884878
39854710
11305551
62535964
22443565
24549262
87472343
97555496
73291056
4420727
14791356
62891419
47103387
26230589
40155376
69631719
82480242
56948488
99504190
75025028
48929697
64648545
14349011
30241147
66589203
23619445
88912842
97609627
35587126
41074059
9763325
71538548
26697384
56410977
68774378
66448781
69046318
58770755
5694110
8115591
17040442
72851510
67818890
62240609
39336530
1961145
33291044
6904953
92314266
30767973
31019197
7379313
25942556
46521819
94121581
83524340
11951421
76744108
44524245
24753224
79885585
73030697
42463285
3952636
61335617
51749249
99821931
23841432
84272259
5721016
92536687
2731669
34308695
619469
34763872
58709431
47695821
5241794
21165699
35574847
10885796
34746354
42604584
36167415
5432116
21429548
38019609
99186859
4398251
11846692
52139897
31388770
18939297
71142079
22487530
4077815
63843648
44021193
39588449
32599640
98705628
16815555
18979527
57819822
57124130
27850747
25537650
75320774
46245246
40726464
11560523
45861652
55042024
73329158
97317394
98689990
21775735
46145531
94130996
21457846
82934136
57136849
41618980
88088250
96267944
25034750
13015062
86772196
19972882
86551108
11021715
68142629
89572284
55340641
49734136
98577514
75364539
34319954
6643170
55282725
65807791
53650022
33859037
46435028
3213290
96234167
38415734
26316348
27001820
8936067
61112068
1436055
94527291
80145768
34165396

