9388
34674060
88325950
1210683
25482491
68567860
89092627
80169319
58688296
87593743
90441649
2160713
859970
85407596
39672753
85219633
90964172
19460718
75566770
75960458
83811109
68922664
89528115
65362038
85401315
10292876
32148681
21279858
93478536
79697884
9796573
80718748
82702512
89276240
42484473
56548641
63710822
57722836
57770387
77264443
48865644
66429953
64511677
29280228
57205943
31583081
6550668
92204767
70113881
79448700
25125223
90997259
72043216
39022271
69682495
68084428
75665412
3146593
61974711
52073161
77544864
63423386
30150122
15052207
23345639
86908827
55563475
77498192
58702683
46189740
77760457
54829556
71542950
79001977
59502703
86919599
78592699
77723367
56648458
43470430
64452452
13581254
56946061
50316757
51135137
48071736
64000570
78045109
59426692
77190768
42675300
70186158
39703170
21628684
64740535
97523028
32487513
58160075
4604117
48168017
39597823
2056013
71857029
16652211
22515988
65577733
10733753
98142057
78785282
24384687
36732011
60689564
42862268
75605820
45556785
74968718
91995394
55921430
51196936
18939483
56099071
9629975
2999277
21610791
68899017
1865252
9709838
69071828
74234348
32965264
73971434
22419937
12015200
45167050
99355468
1258200
27611421
18457261
90334147
71559489
65369794
44457650
59996128
89978986
49705636
24464147
4428185
43648673
28117172
91581643
24154915
83204278
12218415
48840573
14225124
41050916
8891369
89568383
77868979
22878319
17710042
37030695
72421281
33916097
57958801
28666848
51959142
29015577
78993348
68980169
94488159
5660556
56081068
85373733
29928514
15530510
12858370
62259890
78810563
32488766
7920489
63764954
99731314
75650981
23506689
29398842
98381661
5956283
24376041
84397267
23524160
39827627
61007703
27069101
71939788
46816100
75971586
77860827
77470811
78205817
26245378
61388278
99111295
72105484
77163703
96190689
23099254
22714316
75207892
3542541
99412338
77376689
71106831
79693330
33257495
31139355
25499397
49196291
65744875
55612012
45775904
24260948
97512863
54622936
90337193
7335345
255357
81399539
7643013
84660983
64342389
68638546
9324183
21422340
28782308
82109802
43337684
92781632
16158146
7324699
87740659
17061347
19315712
75402442
86773941
56322519
24658286
85638041
72299643
62220410
78172116
36017561
63020828
78107514
45365614
8065946
81281505
98655043
26024662
62200026
28556806
71646716
25894556
46807241
86469575
45582717
33247530
62282178
52029557
7594349
75161979
35393461
60809299
37841431
45771305
87574353
23945121
87886479
3580752
21320216
85058419
33810254
50354257
63228527
66915891
26318789
35815753
90016176
61474989
80278182
32468246
21056629
16331628
73417737
94461491
45543925
28754033
91473611
3574958
2260637
46081968
25827655
57978226
68425800
21648033
31923398
26405060
58593202
16528133
60805579
34710593
54852434
10558565
14523965
26720089
46410756
86876942
21047702
11790470
70118656
93289501
34652020
38204069
3063363
34426858
35590652
73009720
91278268
86711208
79529300
3584533
21965570
80821885
65131713
29600733
64384450
41970397
63810383
66767228
75223395
13107104
47764934
7432783
61710933
1816054
63910075
75878048
54626730
57613662
70366616
37084684
18287913
76167692
55031965
32968788
52128279
22842067
67813880
91320516
38757564
40909772
84167808
84413729
39434370
36585759
34697581
19366062
32167025
17679911
91385602
97081874
14968245
93267328
66876542
81773834
47571293
96881432
81715643
45740046
71976606
45311827
85138860
89292852
63666577
97303433
40232353
17275933
18987765
38260108
24606437
61695545
51586782
92907599
95574134
72887072
60623291
13593691
12082945
53067306
13292125
18326078
54704934
11221666
91767572
16998237
60001364
82866571
78827807
51009917
70678444
15222540
72236099
82328847
89250907
34881852
92740222
67663923
50688818
11532359
57091038
5260879
60856271
34321257
11749003
98373319
74149133
9153603
93571083
87651666
80747198
93073616
25055229
9721968
76451449
8864171
33827019
23726768
8108769
5893799
65810609
17805836
87649251
14967761
8947850
35333839
60117767
23980099
74386303
39389302
97296993
36881406
272572
84015021
77289244
28597964
87204332
60736092
46538185
96510764
82441953
72816467
29845547
80495343
75418324
8207784
27441390
83039359
54321053
66061975
52433037
66736167
37762902
23799113
59733849
68426283
58467057
80990852
72894701
97240738
94914332
32920648
82126102
27064050
96819897
3377389
67675610
13524851
59975198
26300921
67720231
7589507
55308976
69910261
94158874
30612190
55371830
95607480
53637693
18248690
76337933
93979337
6725703
11724897
68033245
90242199
73673100
98401560
36888065
40891628
43498935
51932831
58105357
61143581
59776289
22324161
56813037
87256568
91182897
63506412
66176902
86146415
76987937
67895353
87963048
56275265
22063464
54827586
2710495
55997589
75320758
56508467
54919028
90717120
65735759
22703799
83030407
37452165
45828584
29958107
33204460
97795890
35419408
33998615
65143226
35007279
61705008
9256001
80373599
39652476
40913383
32950330
97785164
88734902
13846896
89525774
63114938
92026238
89734804
20401657
79222835
63212838
1855446
19709864
64485587
73991910
86864468
3000340
32455210
99825288
68354976
15890799
18763230
49695391
64183987
3478715
69286270
79883037
25320328
45083035
21516033
76301311
48396718
63217704
64709331
64680556
43961044
88055408
16966629
8461309
93468771
35881928
9240823
8483265
52710997
67257703
8397733
4642540
93943378
3738212
40571188
57717282
76331864
70297833
43950716
51570799
51607139
45579831
69324262
38718980
50444264
24981818
11479383
38022163
57530203
35459249
12003146
50972316
55512125
72474522
45531272
49682438
2363407
64940514
19483278
44200557
47284348
43973579
37964529
34983790
19295165
30069013
16130579
96375910
25723041
82937040
70221712
65960491
18090206
55294859
73254640
70697194
30353790
40997700
70370548
23474207
63169469
33719287
53537269
82792302
98376770
65737466
31088949
83211888
23325997
99383247
69515275
13498379
18571005
25844665
80963383
7712507
96766150
51560
79851897
98439637
12570869
50388409
57525590
66325402
79997199
60834750
24987590
45587474
1290874
22258270
37475445
53889232
66315635
22864652
34116998
12208793
92009752
9143891
31716921
83325369
71209962
87212221
84929671
2007999
66261153
67952302
94110533
92954471
61672017
56151686
29652945
48932956
14536425
73233396
18535419
52941295
93903253
17449782
42389903
75507495
79725533
93422293
30911072
92111154
42108548
2507928
87030112
63310511
88940488
62255949
95780488
39090034
16972080
20380665
21524158
87667654
41060670
45501026
37827205
99653501
44032780
24558892
45813042
73629846
64410160
94382766
61499653
6713585
62562740
14452017
5582498
4926886
3169838
86240802
94186778
89822452
69833056
78405329
59285736
43719368
58272257
42563344
17856203
18749154
22892325
44712040
16746454
23251777
28152597
44372104
93523263
43332128
83983674
97923862
52044142
73028843
4281685
88298022
11520388
62915863
73351961
35072484
70888420
49321878
96789983
46107722
58675133
50944936
66635222
83777801
90186131
87218715
19264861
3955997
1030256
8317595
84942422
16314056
78085133
74094280
26326035
69506830
51258865
68177030
67749891
22878815
92458938
48374006
86383253
25458822
26643468
50244765
87273818
48891693
22404606
49460950
86689440
25582079
78066041
90926417
77891011
33778941
7282978
45927014
54956580
14832162
62000838
48592136
12031938
43276304
13537752
73291594
13462893
15136381
22786364
18330582
76511887
58233013
35359216
27237804
47939907
9117191
71062466
59241307
92115032
2399961
19912390
20856422
91914804
93048456
93794265
52101090
45572145
48542504
91149891
13660703
19571225
68580584
91037340
57592138
93194482
22249421
76842747
51355560
54243092
18673361
88126177
58897565
74087867
23428877
89400604
78165152
30881168
97911470
6673711
81868289
9272652
19618158
95857024
52756407
18556018
92127266
28321198
22168620
6912785
27457401
15038149
8752654
7044447
69001878
54465189
90077722
16183010
23078658
45720812
8101970
19850
18200684
57593536
48902622
84408488
27533773
52514128
98942645
85088581
56161254
44967390
30240298
52320060
20301508
43502239
99066315
97197647
63662473
36724349
6723798
74821429
66128107
94750093
99735023
17683745
50937507
17960909
71668047
34023609
22315471
98852652
53647253
82434321
51566865
44879603
34499790
90060019
52236065
63102612
74331023
31978163
79052369
89647359
55599675
92933014
85625952
87288930
31580320
43352853
59634570
50838488
33444177
28241504
54050319
43014885
84759248
85192285
27815625
38752907
350954
41990093
45835413
15418573
30011216
25807423
55037089
86875902
52574064
96514731
98120964
19389098
36126765
97037034
91419030
25318894
54569173
36361388
82476588
45154646
62180197
19105913
54810076
7044503
58035515
43189578
6928228
64568214
57204472
30675094
44811312
37727311
64707979
50354336
93257523
12616040
4691273
41700152
4862407
94280753
14755208
43444428
19039994
35001888
54304783
96122796
41412805
4589342
9616858
90938702
54288341
44972634
96696385
28886627
62725056
2034804
27304921
28491679
67284961
90338049
33629692
30920416
52666473
32225812
53343240
67855124
27252511
86723612
88003328
33261225
56731378
87487934
72876410
64633369
27074025
64469722
47957653
17906346
88828376
18451790
79454073
47641188
58323720
15898829
28532908
77014452
13532958
96229547
88093215
54524167
1625367
64533093
41735293
85704928
25170695
75549562
88121024
63894250
21814828
94784738
86899671
47173514
11876500
85334907
68983088
26754104
62220370
89407391
24446215
86251373
56435309
89629857
56557428
61012867
11725160
97644018
25504218
28847416
63096981
83201517
45509889
69993958
56881417
60334338
28312804
52389419
26627019
53482023
57783491
80709683
35233190
56602469
58625752
88786515
11383252
81739648
10105278
88199233
68580647
1868447
88598735
93076173
63144595
86960726
78211032
54502681
98525945
28948755
98513508
84197431
92059756
69865518
25369585
26837209
69498238
90059433
42387163
88847517
89160219
28095618
46117253
23748783
83001007
90810012
40254580
19546365
6639055
31616851
76258347
94088816
27956852
59985316
23679968
92839926
21095936
21083886
86347582
22425614
99031695
35643706
12318518
87298758
15688493
3801316
36882781
59104862
37970720
52318904
33084570
18380752
97425962
55604320
79398373
74393201
95932786
46392740
87592741
29481526
33546580
64746991
6029020
79078754
61801297
1781398
71674417
81692997
48335036
36300596
23647357
32839294
28092401
66858602
80256254
55527506
42890544
87938639
32750225
45005989
87370535
43724353
49076574
72443660
38741193
32174999
51698929
38675425
19790801
60516411
59859045
25111808
69042065
74007607
20607282
99586118
43592080
46122089
50522366
93669196
92663921
44664218
50100187
20253285
82637214
18992002
9471367
76361424
87417152
49655960
64369083
63392829
77345247
11824605
97717376
95530211
34673211
60773830
89197595
89861426
21358363
21308915
86725668
37976786
78085276
31002750
10650185
61402727
28672661
81870187
31400072
24310277
42003632
98575918
85638654
31607976
27096222
39669990
33895759
90947503
7092881
28527047
49807382
83514811
63705073
64610104
51477436
21542001
4348643
57780637
49536193
12211738
68832188
16381630
37616461
69440075
29307580
86834342
84765103
63292871
56742343
63379845
91335113
6529031
99850465
86618682
24444818
74679549
25523883
47449516
1169751
32652234
86163697
74467933
67371776
18747795
61578103
45527134
63341384
95915444
39507480
15726593
62317126
69477258
33937862
20252445
10503554
24154758
63771891
5789340
62537976
66031515
44002528
36417927
43259694
16204372
97528058
49238677
73240244
25232911
56936539
7074191
73795419
99711924
22437430
17927606
74846439
82960466
80736182
88998727
91459886
11985686
86223339
60077339
91990350
83054477
25202967
36874043
3848452
24211400
56362783
70685375
50640834
93157716
84018860
21506918
70589153
19394836
27679198
84911121
92373438
45576176
44992764
87537648
18951741
82423676
48841240
25435393
20964710
84731972
16992287
41830604
21184281
31088833
60957877
67203831
79155919
19626649
96581041
49691221
57000710
46509385
87278632
57126412
94905564
41437363
91531822
77041102
81743907
32680649
5718822
23450175
76057333
39315055
15840288
12422367
66276277
18630659
58526108
18955940
73300668
52686634
38859785
58938119
21478275
8115229
89276487
36103669
22145539
7082863
26567145
38782861
64701029
23773420
27911598
79096939
57664326
70882106
38316347
2027264
1955563
80083168
33041554
88389418
59520515
19873259
83486104
52525281
40896185
65583365
8901488
59638416
44179453
59002044
90979617
90952388
16520897
29417861
85822040
99880207
90003187
93549930
23736351
77567094
40553707
59027982
33941005
59793869
10769799
49462110
21603826
75653372
4301024
20350017
94515667
42796980
83196537
48528052
36347572
50271076
44901061
10562662
41398024
72958763
6142726
25858161
24584343
65171155
24714381
6746885
79638326
66821047
45558658
20491073
72265281
52486322
90998405
23515992
84378941
34448055
24060585
67723303
35405501
88356111
31941720
41364336
27068946
28725905
10329471
25521025
4301243
45710571
39492194
77743768
77848244
62477619
31307017
56824181
61270799
75636100
73401722
40715652
96255863
35272360
89742127
72180561
71194796
40714103
98923063
20251242
98681577
60074045
45024936
21231030
69315629
71944328
23119880
65864787
40283037
60725077
69805924
86675140
64937580
97497361
84308556
15764695
9718862
45928728
73991512
83685993
93277300
53404923
16468860
63228846
50597503
81687287
60763910
14075311
50323073
55912727
91642638
96928100
94765962
51027040
75258393
13226045
99322674
14366777
33720442
10047441
80410109
10678532
53249022
31816845
86563147
50459275
77271695
67239297
31260045
21870846
27882420
74659449
51980518
96678853
97128216
47730014
12135499
14662563
50637248
37773947
97524873
55099584
82724298
35129143
58878898
63862309
76585597
27913515
24598935
5532766
77478006
85849205
59953073
69864312
24029320
1643650
97006006
44740902
5340799
74757174
21770414
29389663
40599497
32131223
27863252
10518653
11511027
64976738
72419555
16814770
81970922
58040593
20138680
45938846
72745981
19996813
92270136
93961196
98319205
77938112
88307361
56573406
91843732
53046421
30065976
61577009
18743432
21836538
71572263
8763655
63237011
17903323
58325214
48029909
32312938
35839032
57451219
12861294
99496003
5214165
65201940
33721032
94773039
78367023
96547817
79387898
52844945
92717913
1113404
78606783
9547022
93389940
50056114
57078686
77356416
86259011
1600863
69488053
10483294
8835470
17861936
42429506
44625827
50970875
94195151
43830440
64292737
88642451
3995875
25151577
15759827
32788519
50901866
34360888
18436018
92694248
16658726
27127460
40871946
37894093
67959626
83617625
4982948
14713913
24208831
28603866
85023824
23670846
64717004
68450135
59347621
24429361
24666016
2273174
6410263
52575758
66970009
83510235
37790599
89302592
93779381
69733748
58194842
97329930
26176230
85934865
3151404
47719321
40815092
20060296
87930160
86732961
35359705
27059583
88155652
49397757
33001533
2473494
62802943
56576544
14507433
85964852
98746069
6279708
97424676
43762784
3383235
52646355
40210811
46822695
54601797
35054020
67585394
56655741
11370742
49804257
42900491
41834891
96746601
67980806
5389215
50011377
5183927
23404498
79662751
94125710
41012888
71130195
92676477
68975887
22520585
27421246
25550174
14512885
65689061
10524692
4611656
79762123
21673400
70174122
20620430
61173352
83952596
94524893
89461518
50952392
95458925
84053056
36847888
15255725
74095903
53603796
65335499
97376122
3900596
30672273
19078586
3922031
13370006
8489641
39568030
89417507
77672139
50164531
38780980
24690218
12546899
30730931
86774482
87094927
84868170
22865761
91229470
59541800
9822208
13701482
8454589
70753465
15333863
23083934
12714723
33941917
75121853
30159247
90095903
42055476
25945090
87735335
15673324
62138910
8401616
27919901
20020882
8705374
55007001
82562308
36231750
27319259
62449023
50694045
28083791
38944020
22305984
47801487
21779054
78112854
31604283
46098994
45571013
28141558
45556654
86809845
80065446
51981588
1379366
41755268
26310886
86196344
16144640
49492825
67907496
32659247
24335587
94714623
67868068
34270186
42866573
61242932
86971032
61956107
42906444
46773095
49675840
98492243
1606044
61451253
35852299
83940399
99302180
65037986
96928558
27654100
34387792
67100835
15890193
8578188
68386257
85750075
28075833
76492671
47177256
79654427
3229884
65357259
13477506
32035829
65038519
51381620
70553691
89797626
91669277
78237149
80168123
89581482
95888583
16755896
60263650
24841322
1157469
39511637
67424182
24725969
13413956
35249736
26294247
18452226
2200191
44062317
59460760
10684841
38979986
55487789
59948659
76749237
76222279
96290784
24324896
3123431
89484665
97999801
48655314
48060758
87890168
82375463
50432904
37565009
79495779
23403398
69571895
60224586
51498986
4037250
78556982
14525835
70056734
44169603
5360649
98603858
13242014
26491565
14618026
56608958
89366196
79565497
32251911
10158243
91664965
60270434
10158767
5357966
58396810
51343881
29252896
72646487
15589201
19582406
44592096
847646
61484440
30724295
80129363
39517584
38060874
86466159
88170005
65438096
92409364
91368678
4243362
51224783
70170324
56787444
62001150
37042232
95024883
23163259
94935640
92419626
79260378
6105594
93383793
60026462
4688657
51624815
42660363
2346311
9819996
64616843
40924699
56725718
94495603
25885731
57876668
20931696
84370743
93153558
80547978
53033347
23614235
60739574
25364558
29065443
44417031
28306953
79242194
85068840
559157
21100088
99263394
1254129
75983812
67924943
22380265
48758607
3035186
33530198
11094538
36198299
35031637
47274804
56241750
39847882
14716465
75497139
2161530
6194445
35708192
33232807
86131474
92287174
623261
2006727
56790204
86708649
19726499
48956165
13006932
24940754
50017978
86050269
15567184
20841444
47200980
61590007
42086951
43037860
16395004
65903990
15961546
19715614
40821438
60304894
36958207
1599112
24640730
73780661
21597553
54804795
14776025
13620146
97320928
42667662
65629402
62340948
10462410
95549463
79921396
58112486
60656285
84917537
76392040
35567640
5176013
93904611
47295110
84241715
97254141
15292420
77545791
70606631
87957050
58977590
46393863
86162603
20358410
32066107
89339131
53385285
86412994
12032832
58301762
43340012
23511484
84797875
46303829
32352367
42641744
72623090
35638799
9542170
6956243
69763562
57903318
72348957
65850276
29984036
18612099
66892587
34648461
69991112
92255007
39688093
22734614
38036199
17248365
50766256
78832155
15689909
61187404
99820161
85696198
15543672
34072104
7294271
74201974
2138423
14324385
36656364
31887949
42521272
7241388
48299306
3574532
57389474
33128859
66256686
97761566
55025229
95941726
21837852
81749106
69065884
69447407
27345972
14925125
761442
60137459
51432832
48067463
17374791
53314923
47811796
3439261
31373424
47736098
19275420
64627422
47427195
65107507
10862936
6418825
92966581
7189007
51138151
74912924
45868792
63136449
61958459
87322641
13579363
20277891
8097811
97907583
78442989
20938599
80085065
3397942
87919349
72820530
18436787
22412519
99248429
37829819
31679444
49938719
46922834
81757479
18187739
6439545
61512020
2658199
80569428
35983185
55186731
66332904
90665047
80012715
65731671
45599939
19186973
54283583
36303685
51749070
25514721
5371337
78237074
46695644
80022264
27597136
73483133
95707352
77681328
1093343
97322047
86665227
81536101
84058143
73339455
46563963
5946500
64839293
97957532
13049699
4638920
24705194
94325196
48425732
92840222
17673964
78151396
87776521
16283270
72572386
49869295
43015579
37032104
4499188
60811204
15966991
31534128
21508978
13608417
1567047
68930587
35972953
47494842
47545567
11988197
8121317
37092434
18465498
9844429
5338939
9908778
93874004
671307
34706381
72153795
33246189
95624482
61070128
1436608
7332273
16412299
2075986
7543240
55259819
36707140
47568800
24904916
81889382
67293414
49201308
50065594
94729225
18170015
26721387
68226242
20046507
39384749
15888589
64826072
42164809
71901665
95550706
63714410
31309329
75377566
60286165
64777418
17415609
76441136
39044291
48169479
64169657
64009827
16833820
42753070
20010635
19690357
36631438
72347869
60847237
43253443
49617324
91198721
66558467
97267227
43625666
33041679
17816114
55505464
92735049
72324468
91361740
42141465
83069768
61894405
75044398
96161108
81811878
32471732
84531964
35006859
35717091
91195144
81249296
41900114
25161516
40207086
50629244
43859517
68408142
40288293
84785334
93543022
97101462
14869224
19249115
97328755
23221693
92454144
88105647
63468791
98158090
88860711
9536355
63728607
93733418
72043075
28255640
91634071
41034976
45873922
12258272
52304548
83406434
49087683
68924889
45092800
73728833
80601022
87287942
84898339
67014231
28124811
57068403
87736347
36192719
58042265
43353851
40685291
95750802
16342322
85363749
74034981
26177031
95886561
86282853
72236692
71990999
44617464
22321489
83203490
75159389
1635597
56773102
99275335
18740204
71094253
68294884
97527711
23102249
37328616
34993298
18329497
93998957
60294153
15825422
79363193
74726097
19763674
60473413
26659526
35549837
85656593
92499951
86685139
23218507
64097574
23809603
40925412
63822976
78417779
5630973
38575188
77705056
3400550
19844450
83874975
42318526
43662302
69087330
6075219
92643434
33926585
5529374
96653552
59986754
69528255
30277817
81526471
18696022
4712269
26791878
4109410
55774010
11220377
58195794
33634593
8405390
79441964
32217670
9479224
16810867
48585155
15006670
74798968
93512213
89826732
24973328
84206219
58688649
61314660
21204771
90882529
6678019
73201822
79474357
75271399
91209089
25395177
36657554
44866857
88065814
91860271
40789660
26212048
20139945
57427435
59231831
25830478
39011763
89563828
94291672
98270841
4171167
95099331
36699414
67336854
99601787
2054830
82051013
19548296
1381991
92895065
34534132
16251655
87327306
20685261
12314460
28868218
49814282
74292579
69056167
70411123
54423874
29897187
68713222
89594247
17451360
80818904
42355867
78273911
77722658
12520341
85746047
28165283
33770596
76800829
41953601
24117525
46393704
83490290
3950406
28742140
49603740
76175410
84748391
81038865
88246036
25884131
47779156
34554382
32778295
67159543
22899948
98022333
5670817
26402406
73378626
49030469
9464480
55725482
43093928
87431123
1260245
53584892
3496462
80843076
49990093
30670051
71961166
94208591
57808965
30531022
4464231
36190818
2277048
81292847
7449147
28343837
43271091
7753751
89954058
10436341
79087601
14003537
83104258
66758367
19275146
73305281
67315412
30829249
20422704
35095053
20128938
90601896
76649638
56766955
67261463
5179429
64600300
71283342
44324991
54064852
553993
17515052
83502302
36672622
84831756
56350594
44145031
63677802
78940586
99002923
26882170
53859008
46433312
88415322
85116777
19519293
61412217
13361623
18590918
70294722
13343960
51805542
78150336
85379367
36526707
93204975
90208428
10970036
54078745
37564355
39802758
15708599
75310234
47419645
51497634
82689608
35300625
5400780
93389974
62535107
21322943
17608131
88489853
10580046
53875311
28834677
28688209
64865244
12436168
6626528
80466764
59368406
94067255
53673570
24744140
11792531
67046502
69128086
36556242
1507275
20223074
93050047
25420335
51091216
82565668
87817137
51432735
29643496
79591480
89252591
66695551
33449969
54288891
20629108
81833966
19123014
54134138
75575928
70487762
24326437
54213550
50862210
30764409
98444870
29223143
27092885
73052898
20481625
42173988
53498939
16900171
74708015
441234
15353117
41799779
10129928
70279829
95249263
67138671
12713042
67215841
13219943
21956892
38481450
70038536
13125285
90431088
12754431
84520585
92765648
39118214
29826716
42322905
88558912
25146434
29321426
61528284
83028669
83051067
71401808
62708874
23042508
12957230
6392928
68247835
61280237
13956167
98864223
34838073
24734615
43309012
83565507
334479
65094768
63171187
79387401
69682398
95155392
45329265
57914927
63950709
19726883
57545342
96921844
9925769
66158764
2980870
96826076
61119617
36708942
52664482
32963745
77142844
44238054
55816606
69115569
84198803
55727758
81346660
3487394
28437200
12423032
97757331
87358295
7930008
37033764
40795652
22033459
37250574
94640161
99591546
62146297
12250526
17231393
58496430
99853395
47770747
93224319
15323036
13788724
28622658
12768523
16478696
41825475
42002600
59551273
69034919
37111097
32134539
73063131
9261344
53379712
68932473
87975354
21117987
25282419
7946472
20765634
3752269
17435985
17525146
39869183
22341308
66682487
27166298
30720299
21365435
48564863
95638847
80822862
1856551
31260177
21954081
24824349
11006125
60626568
81953207
26717212
98057017
54404135
86236259
7300444
13674250
10157567
88700277
36790654
29508777
95064848
15159413
97977633
62794761
90360427
89432339
68937783
43633148
63677786
78671674
74366233
34284766
74629656
68043255
54969558
68676073
68741715
43285566
9812984
26461760
3153258
78879499
11400517
88706191
12372142
98329592
28697311
1048870
61771891
41755426
62553768
30072237
58408792
66008332
22153893
39091697
89041630
74057098
34995537
27259127
43413655
93441339
34223506
66712657
17439800
91416117
8572057
89157650
96825990
14179284
58710481
72364593
44062794
82895965
3689297
96776962
78258133
34221633
6531903
69799990
19154356
92806687
37257531
66071529
24914670
45824860
9353059
23534960
96152695
60718986
33847111
54391590
8979820
13262427
27588636
27112922
96531780
1457195
89060647
46192170
10204623
71173625
64588707
56135392
20077022
57136487
53703956
77425862
26258685
15875559
40944729
71690107
41884116
32468020
6726114
15121863
54967228
88906965
76395200
44558251
24993309
91325643
57139007
86285330
35547452
43436609
63810951
74178315
24806009
2765745
95116472
7994513
44984409
2995654
74002007
71983013
93603074
25324403
35251381
16843675
30065876
34705777
82306766
18135540
38903218
21128504
93644794
79028796
12384925
3401207
79892291
40243508
33459261
76872159
45683044
49520084
26049509
96597243
21998235
33333251
28185557
93444691
31169368
33438599
59682590
18823825
91930666
54754957
60355071
59978647
21366351
70981497
37482127
50775340
31506943
77893660
34181175
11136031
50364838
69764637
92764531
93018974
91268869
65840302
40671197
49100678
82445721
56449642
45942854
11407194
4437241
7760420
20968918
37286718
736947
89058792
15015185
4627596
79877657
2686714
47913478
56528144
82119656
22236839
73773917
36952388
12196023
77384362
72741121
59994614
64533188
31424403
53545793
53380991
82031782
92822168
7218964
3631092
6617972
43687494
12793673
62989856
65957954
21559072
16451472
50684331
64820593
58476100
29465842
44755060
75506259
43533815
50068546
89838420
21413544
72551092
64655216
22957797
85708742
9576992
606441
99008588
3164848
10770716
43194308
93446760
30220386
14148365
86538495
36133111
39416921
75532370
97799658
98748184
48847935
24675281
50968607
64473719
91320122
47553872
58591754
5474574
67233108
27241522
34243443
80113995
16950273
15396907
99458130
55399677
34930766
56822040
13379457
89012419
3412220
31400406
26413104
53179912
59752942
9626733
28206584
63639168
917705
9651516
68549575
46053967
73383958
16965572
69016489
4918399
77322517
13007807
56440567
10213017
98968606
31187374
1864771
76435139
31231290
16145873
98917099
20014294
90959436
36352055
8823169
11119029
42932403
86576719
61770191
70586012
48434939
17505606
928270
50119384
61066374
29946286
941537
85005408
98734868
9627657
31828697
27743931
81275496
90640358
51781715
52499415
2655612
1367054
19409218
70772894
63556887
26417782
30427636
17850087
26489675
67434530
58036007
39551067
809655
39763391
44295164
27571931
30933721
25289250
22755089
68876547
15815118
1297732
32634543
65015950
51760038
64358966
15036231
88424383
82899935
34690422
92023327
28902072
23684593
4159677
9008323
83915504
52190672
182461
52725756
18822927
93631668
50023270
95297312
27214567
69303203
39285436
26430599
78054909
44439691
29457972
20880814
92098882
39363755
51134876
31777554
54900553
63414107
65801125
53522115
47028001
93418757
182763
44518493
18307094
64955383
1598515
89416419
81065944
67177899
83925593
88169119
72226915
87364561
46830046
10362008
92674783
72716783
97054073
65885948
12729652
79967487
85280276
34006183
83941758
10235338
99308185
7948241
9888419
36282025
4503138
94986900
2952088
32015979
21647303
35072554
74200199
30321778
70760062
27585064
55170763
14752416
96519284
74643235
86493242
18163454
52173325
71533345
56044251
71476547
59456045
78923483
8042091
44627855
10246003
82065551
80682150
92790458
52589173
55337827
24119059
42098977
45158842
44609924
71781599
28595802
45981465
77135959
41804836
95122927
23505120
1653237
65156137
50627034
61221116
8401965
62486787
72110616
15933580
7706832
69174471
24545781
21945754
56171217
29209219
35056437
91414225
44561259
70662632
68399233
82157886
59882316
49814881
13061215
72997800
65748296
29902447
28416799
98244668
71302978
49156711
81594838
95066012
10907651
86645073
27389557
13257550
69436007
27349328
71329417
47408759
55253655
45016347
76875707
45923078
99336361
27610498
99433689
12407836
18543049
65760439
62691091
98973095
13655419
10458638
69251546
38874283
55122358
96323448
53004345
36177621
63681381
84587770
20568521
14542615
82154859
46105614
51947220
98565858
99766546
43980095
57251207
12639528
49835153
60794141
12395462
2176387
69179021
96131498
84156608
89153907
67504765
81219739
24831216
19398372
391727
46190881
96937244
36541615
84372529
18284727
17734457
27069201
86903465
85748740
22432176
36645050
53641106
70724848
39254077
62281799
50545837
81124871
94662075
60878722
84329393
3070241
50025404
27652739
87698355
70335354
40365493
82285734
86330537
19156611
11777495
73727652
43958267
36496236
9780121
53828920
42119718
72073008
68437658
36363705
92717164
5318649
60497904
53698029
35826553
71531776
19901802
34507062
37471055
76595791
99244073
1716614
33844087
7077933
48594768
10159737
99980935
69042412
59535237
54022936
47066139
56083944
75694885
93613171
3421526
80784926
28543534
48584212
20837490
48534148
47199888
88731694
76723728
1997585
82836211
72077998
98412813
79909011
70262190
56806370
87111854
69360259
35323715
73170011
37805458
34151672
5506844
4708865
77977694
82263278
97004990
24154279
79536448
39139235
64197686
72191317
47084755
97664299
47438008
80428974
3927477
94368795
31575189
77420535
79325310
98793140
29613959
69880144
83096322
48796281
64923347
29582087
51001128
38379987
27651808
87469304
22663913
29460093
31337929
67965321
16431577
92493956
36921532
94974653
68415516
48804845
1837073
40991518
78377229
63193926
93773728
49533245
47246436
59156375
42223220
18039250
90480523
96124829
62298459
42458012
32123013
77970227
73559097
38233630
79590691
67595024
28279417
96140243
31133823
29012362
17937421
56600832
31112693
85788007
70485090
89190399
57010699
98976242
42731938
54312978
70954248
42410097
7886631
75784571
54857548
25210806
88928515
20416940
56388615
91560822
93145345
66327197
13676475
44042431
37144313
22607805
66148538
38133910
62987853
28782822
65558068
48012144
63813248
48506659
75419999
65060752
79556720
93133716
72254016
70176889
70636110
32416245
6467024
59074238
31669996
98167605
35496339
50793042
29024457
12821242
44511149
64039954
48368841
3085809
28470468
10791684
87206640
23341758
59392241
23363343
42475735
46787162
57398666
80597381
30979788
94651186
1682409
55449941
23837323
27119851
53596281
17351073
49800364
43883464
67374660
55311628
26389980
96746798
46101253
59722916
89561485
43005316
86221684
23864910
95660693
85086671
91847930
36885184
58883285
71181994
7381779
99600572
97052591
15787442
37522622
46793071
65108073
35793964
69916678
37732058
43115386
71890839
3825858
40963331
85709343
12656577
24470141
25473742
84425330
10597267
76896034
94580389
42487189
15479430
23520278
81604275
48787538
97675347
53426143
74488822
19828621
17836972
2555159
67558552
27202068
35417400
96739448
44249624
95768527
45082929
14848358
41228432
70109666
28911594
99139113
80251408
33471986
12421055
68040603
25815660
59888972
53285429
68899826
22483537
91472533
61641902
41612037
66511116
65716305
88718999
27636198
31373589
84096629
40478056
28023850
16097367
38181826
13806996
30834029
92363320
95827349
62405526
97960145
43683413
16878485
86416303
18028259
78428965
78215809
14485321
14328468
88485657
24639608
54923207
64464284
7555545
62069954
18621592
1250906
6396585
39483300
96050356
98615
74215993
41266467
21271466
11825394
19374943
81429992
71982937
83928898
80814341
53757971
83880545
44330360
76513589
85463105
13221314
28205601
10019800
96918845
20288200
40139082
16082860
89476544
86700686
85892358
13926787
59579632
28870944
83722609
5171701
39601937
50895612
85130401
1014214
13509169
1293957
65677407
26563469
27994687
14047271
62261105
14649334
86313225
33079960
77998569
65321357
76485216
13484227
56903231
55663479
17803195
6163877
18441105
15289544
57910102
73084668
66347570
44177931
58612322
66579216
71186202
45893681
98239560
81942111
80835538
81314707
74850167
74318205
86469372
5072809
16610896
24624072
28010325
76875137
36343088
49717956
35037098
74780496
57862777
86090237
62118828
63862020
71728374
96945140
77646531
24657008
42478874
86261358
27763915
5239029
91488032
30530439
57567663
5658267
85397891
93354506
54516876
50384287
21834512
49428836
42063309
28893078
55728747
39953003
12321644
39837440
17537950
51555300
79207891
83347787
92108797
84325339
14630264
2901822
22771409
85151007
25659435
10400287
51448202
6391053
50017687
9860675
72123906
14108078
96151909
10410597
42897482
4545605
40941723
34451242
86021338
71921381
47221917
74391363
60155387
42976462
35473176
74775478
46199430
70696952
62009161
46492577
97765154
6931901
53626146
95477018
9821928
10370944
30954580
80752596
83797802
13059961
36503556
32807361
45899539
8602521
9562942
59581958
66588604
79964676
27503666
26201380
50615135
93446577
46073682
3358541
80211811
65829918
47218332
98720002
54888662
80355758
19494390
42867496
88663348
16124951
29111935
34204919
8826017
40056388
83500715
23282890
81905320
33787958
55320986
15881840
46509496
77236654
49603967
63196911
27148935
22106670
1295227
80000875
47807814
28116943
92618973
19299847
87079566
2880733
90008407
44184383
67051086
83269461
26678073
98263624
87761181
90675844
23004385
56805703
89184562
45625263
49693574
46928645
3238066
51877775
87284234
72959047
85725382
85734761
770100
46261263
88244362
9656768
28118696
42386043
78420521
48205056
97834961
7503971
2287158
61743750
65278928
64756435
88569438
48165141
87750180
53265684
21627345
67426494
26485666
4941400
96112278
39446247
93604984
81240883
92105979
74061300
72031175
19855496
44334565
63980712
90399928
82026889
51194315
37790249
66626454
56718424
44579524
41919822
78073693
44724113
68663007
96625100
98587678
70005997
22122803
9540645
49113614
40469871
89083133
37397349
720962
76279388
57497169
64838545
97293451
72464879
95368926
47624753
10801918
47301923
64547136
64473017
74635475
60957055
48502344
7783927
12540356
17252019
40880277
56233389
14742821
14951720
47743607
44103761
46237802
19125867
98573798
24817282
73302079
30293086
38152554
86109827
29841467
3525939
71376882
73854257
7531167
67767174
13354196
34374127
20639492
64754698
30674436
62453549
5082706
98368041
2235475
60895615
92065154
43796016
58402748
72823668
42475910
66522075
53414929
9830234
28290065
10823844
48024159
72770775
57013970
40668962
45124409
20399562
47522881
29329173
54634026
76726823
79205782
24086714
4738117
94806590
37372547
73341615
77980950
62177402
72130348
10471217
85552932
14546859
61880611
26414952
12940491
87962468
17825962
42700621
77587095
13808601
20711177
89868892
46839425
52576595
36917959
43320086
52892537
92596657
15533592
28934879
75071842
77716815
17827751
44067101
14674916
46346564
96094443
24275136
47878134
58990825
82117485
85748842
331380
84308632
45743270
7993264
98801934
72528584
61172728
62932895
84799317
48859702
79845736
37489224
86848307
63594367
51458009
3429256
29632013
13922520
67559764
44061441
51759250
63022605
12859686
97660879
10262467
83966531
9801461
54474520
38506995
79068952
97059083
33295330
67032200
50434193
52207810
25318914
41622336
34720276
80496528
68008798
92644447
17364700
80204775
54597288
66292679
84526807
85431247
60990220
80715967
69549621
14566711
77364065
31609442
41203151
45211899
55267900
62752241
40004122
72854099
23239768
96240669
59602403
31887540
15342810
37733498
85486576
75486457
24004578
78783434
13629750
62246067
9389315
46172529
77963047
37466571
94211781
3026451
32215984
55952090
98711510
7277485
82307406
54082552
93151760
82540946
67428350
57679458
92993676
62574672
86291898
45935828
15001033
68150354
15895648
86977396
68915855
71578541
42979244
73833406
38159433
33937134
3130816
22001204
74836390
27349900
21551819
64473636
93435852
70704740
60690123
41725248
26650879
49610910
8589155
52708626
20386884
34443735
10845547
42863145
78438004
18226727
52700723
77788897
53125035
80032717
94883863
93502344
16937027
17961917
55022127
43806412
56943430
22891228
43068449
34015038
73376541
60096099
47898468
79064542
2635814
9230866
24342278
95262705
26645741
51348989
99684786
50910798
77459590
1522025
7359700
76002466
18540808
94508576
33390809
15867262
6383183
84159221
65282552
87191494
61761514
84142875
87044619
90335972
3607686
97815064
86378069
13140802
52600729
78260762
85428658
97172498
95488299
82628007
92951196
15025936
18907029
39345936
18063567
97041053
58966363
74495362
24860268
65077822
93778031
38647454
17470250
86395579
52926303
46818842
43736201
43319777
54720596
47127079
9003767
40930188
95087566
6753105
51965912
22494568
27251614
12256531
13271295
5334355
4164247
7496134
70570699
58857394
7330714
17536007
98594900
84364729
8869948
88936838
81981422
63215336
40328621
74485585
52141385
64794430
39058958
69487216
26492500
11403594
40421330
57836280
93124938
907060
98529047
45361404
18379499
76366791
48919078
65870613
43086752
46519692
82188202
1615282
3431342
40876305
99248251
71936260
46912206
33209348
64530240
98671055
95138346
55326432
96880629
69595044
62572806
92028123
36834265
6598363
5722187
12217684
68766610
82000230
70924548
56525174
20295311
39349260
99120567
53130520
63822268
84687533
42780193
72356185
27940070
54115132
20419421
57477984
30488695
60862388
96520878
86015327
84177481
56760106
85737696
24908113
76230159
28701
83753129
30028896
34862738
67980513
63366677
32922450
57907247
53801926
58354895
38481632
52793011
82765088
36104939
18299897
62164514
60407865
59194960
43237668
46013390
57818943
29067800
84031130
2538276
97088948
67448339
25846535
7506340
50499785
81938375
94229476
20730715
38548457
16529584
12518357
30721138
30580375
17146414
18346822
57854411
34950742
67368140
45729988
81251979
70199607
89555623
27688994
71232314
73414418
8602393
96879513
71142831
1539018
14640872
64396790
78070020
94899557
69178957
27267804
84361861
47384495
42562474
28424645
84617459
61535764
12255740
20281357
6959671
7073559
66684106
62773675
47875580
85989082
31170211
9895519
78051413
65378020
89733454
16641184
32299066
4827617
6054512
39734752
59448780
43537651
11029487
86859078
8899899
63008758
78757735
19418038
10613790
62994939
2382293
22966314
152718
17112490
15974200
40788236
73577637
49835410
58092118
1537621
82764649
32237377
64509883
26454291
44034399
90242934
74118690
61775437
26543580
98606397
85991652
82761045
73040371
89635937
26532034
24857174
55674478
83734411
52533557
24110426
17308545
79005204
13738892
53998147
5246884
15110173
71776375
44306745
62822596
61693983
49149358
48240701
8828031
84437819
44315000
89656826
77613457
65271579
11165127
30984466
98464864
24653503
5250160
60397639
32821509
24293773
51337927
5368908
47185137
24017949
47629340
62705095
22430768
34660615
72887968
58888675
53374880
79324205
15944070
24621060
9599595
63701374
15723988
8762625
45925801
26172845
18511037
15827200
21153594
2049447
78295955
65009854
49304566
29642309
49869305
36162227
21748111
69961408
55921792
57281070
43248212
44906219
76948769
6088066
86883142
33647946
62905926
6340802
39649800
4334695
94655358
64779791
81113730
22833554
11452912
5031621
90776804
90524568
41275277
69341136
85222211
67879994
53639445
30900866
49280155
75247123
20300444
27754880
80713605
79470423
10528083
41299794
74376933
3587533
63989726
46784359
3267223
31387341
32020181
97156450
42563251
12782441
72078343
49706159
4552965
10136174
95560750
52828317
88060585
90693491
37766624
54142813
14355231
71878774
77234293
38623883
11540187
99188367
99666542
71609711
53570457
35696885
15870237
52873297
35642601
15426604
97200187
93069276
55623560
26580163
12081456
28041683
14441176
11470256
4929073
35040614
26852486
10840511
26011139
68506341
99115730
76721194
88109890
55085291
46012558
31927964
35357776
49143949
46799505
69733600
64104250
44409979
58789631
34850597
59040593
57801637
29809014
36408547
49887369
48160719
37244736
83237918
67833629
38660225
23715603
54045990
33159295
11381914
47344327
65323609
31128268
47557032
28495562
29035831
31309881
76258186
16573421
52797527
53779367
31575562
68271280
72114040
61573193
37814232
78105579
936514
29285090
17241756
76786880
66903960
59381848
35405215
78663176
90931549
43840136
44047097
81978399
87217243
9943223
8513784
57246986
78795268
78936412
32361216
89991465
66461611
4984527
12550923
71036478
7042725
28152669
13370254
5636355
33916595
46024288
66172161
6464428
91628156
70322814
99529048
79530457
38448498
72094763
34073943
87207986
8865893
62768673
14801324
35309728
66791745
78883770
20281301
10904612
25796334
68664266
49997067
51392780
58119811
7582670
36888806
28155083
45545508
97343734
34364948
96444704
48356423
95751905
50298709
14215025
51012624
95870594
22811617
63062152
84547537
28954224
27529078
56811575
67570867
34180273
94600695
49569461
37759638
57033510
80985297
76021105
11502082
19524256
77037312
29952932
95847171
12347568
87449663
84160782
79610724
99403522
30581599
61533292
70708836
21134751
15431811
72806681
65372245
89162318
63373511
56178332
57187868
52987088
41253089
71236888
22963815
71435002
42280253
5294124
31512541
75489957
81453656
41002542
56636175
79014269
68229636
26708401
70274939
99780056
86460931
63204922
49882257
86058445
27790684
87357566
32775792
27226911
44556857
1564351
10335938
30701183
16876511
80565106
51435776
17851670
49584445
55395056
84591440
50038257
65352931
7149434
87410162
45458007
56028964
90732828
54930647
48899566
34421718
82790048
59118370
10494607
56988841
43516391
64244800
66171604
17407328
20468681
16227336
7299116
57767178
35238335
21394663
34913726
50126361
44741437
59827475
82607263
27513100
28878127
91164313
44143702
51113565
41391623
70263289
68255841
49728854
21710495
92254365
8593600
61003117
54878332
78038205
27972898
39442704
93448985
96317204
61344414
975850
7198930
38218411
11897403
41537761
74034875
580379
70756820
69586059
52170709
27566233
35167435
94055698
27223117
34682874
43484270
97061332
3306227
97459702
44352321
74313359
96625806
73355333
25333064
52115565
98625736
31326624
74451475
95648303
48146698
69381835
6348391
4296210
76539206
19518735
55544622
52238977
61050238
62259245
34382672
14636371
9052882
68541282
10184227
57079296
50510599
93765938
23492848
93262444
79905021
99691549
63201117
85931622
57043147
59748044
35702891
95133258
27214902
34324750
29233762
5566418
43067170
32823284
13517400
31235530
90918264
44374251
9303493
78571643
23835175
87507704
88357112
40368683
27503220
35499146
23160823
74298187
26211736
92456473
35645994
22071691
45615128
1794317
92314761
50994993
19850776
65005525
68150219
8740570
50056884
78416920
91193760
57988408
38179252
45355246
30300259
99317963
59004110
32724301
9301321
18251729
72909337
50249412
89191057
46389884
24173683
42757563
66823243
65673142
58392325
55660087
41864874
37768969
4087361
32680114
64515123
24295237
13041462
41009129
94669705
16441953
90698498
32451406
54820437
64388142
8907974
90328439
35016335
6887778
59534532
87668932
77958282
67913349
10726219
88311807
21525062
36448558
58074911
3942728
82904306
8153819
88239681
93885114
7701476
14878844
60628056
93679046
34397761
39535951
18053800
36397795
85972193
71131898
41603197
89235993
55521011
67316455
19657707
84372177
3971819
66950610
18237866
39913896
6044653
82431383
73486656
8810188
64246119
81318615
47553345
73549575
64914399
91100606
48229621
7188205
46055781
66773769
22256069
3993949
42400231
16878237
2552566
32374845
12032646
90898325
87579657
24997004
90525595
29834823
8653919
61501573
35472314
55401711
13235713
82117149
87123112
70481020
15899776
29030871
49322583
17035762
26406704
32332135
90694965
89865963
4633144
56329205
57334287
78275129
47199226
76230038
97995054
63986352
10381940
15764352
17237038
2377587
93491508
51610063
82815944
95727864
18915801
76244807
55989903
42631445
11435352
60895059
11421705
58855751
46129437
57226514
97624277
62880699
59910925
50950743
67744182
86318854
51501673
40800815
76596046
16812835
74639909
35479293
60790209
67990159
70981930
39873425
51039088
88281262
99758403
15517538
67512145
6630821
44222371
93607847
27224035
29807301
8993578
64797532
77911295
78202840
95139916
88734844
46459466
95773646
52797783
61592670
77071726
92930764
96815844
26861774
531303
41050355
16256330
89715141
85039483
3645347
30783491
52743420
95397376
30670036
52780084
61990288
54484598
3001808
43844909
451798
69087155
8020127
9066283
61559935
48574402
42677843
11550937
56048507
19192029
35749064
8260956
44918304
3876474
15481553
54315406
71152846
95051655
74495685
43571906
18965226
13952204
49051770
26861589
9329563
20240844
78427460
32616875
89749695
90979093
46422855
30833633
45098950
2282415
95311126
76180153
59577859
73881601
12596706
79744735
16150307
76950048
31094930
41750335
76989331
62623068
16477158
92161199
39241927
37772350
53890406
58721232
42524517
7275034
12412206
91989639
79501544
52507707
45529967
27749303
91867099
25471191
63230494
83181572
1897430
47014773
13079981
305517
56650613
67781960
63237920
16387198
22800993
82369295
14555374
88198528
19020331
87732159
28706916
58969394
18415957
68811998
98728121
91344695
31851040
3262732
71325370
42292743
83001600
32988517
95621137
6986002
49618676
39112317
27205126
86813206
17624796
73464641
81401597
79329906
6874644
45812816
2043418
48265309
23790109
89474644
91865473
10050564
17480104
68805445
80195006
10714104
30803227
64141973
10632394
57503257
65784139
61016991
55846696
83235043
27910348
22365524
5892753
63648753
97735465
3062745
12132577
62041798
45403700
60084903
38047475
69666010
19722276
68207938
11035757
94374257
42304000
54028889
67422609
52793627
1515044
45910524
10021104
41274861
37158892
80920035
55347561
63903287
82096531
16781276
23923397
2466812
70802968
43820073
83033146
42877740
48926701
34599172
28307912
97495396
30978402
1433349
44161416
48832763
23571252
25041316
55581778
92138135
2599637
40290830
40707670
82406788
76912179
42114294
2591661
38450152
27219362
37985213
95902755
43037145
92470444
62059747
5088323
85751538
82741139
37104807
38326064
70227016
87316773
21977309
5445079
21129579
91407920
43479257
33112240
95337997
44594738
99756809
29335978
76027083
15485039
33209007
86124874
52659731
74793509
74436979
56900164
95719566
98380292
91344344
66560581
41194069
47075794
50567483
68744303
15483325
63793011
4872689
78997882
77395061
88281879
98220767
59066738
10503629
57627237
25847462
26597140
5810739
30587813
38646169
83965700
32932931
96963327
88201573
78594490
35150525
4963195
16925912
44435089
72416557
46122985
28483351
32202398
36009032
94483393
17161550
47547042
57082921
48534061
20547147
76989618
92637209
41210565
36231621
20265023
25412711
58677313
62393664
76155823
60435815
61162564
75312859
37032951
27131561
50406251
77700483
46846538
99450607
32471327
81235840
95440723
83018175
3167698
4778891
80095208
80892765
83737694
79009695
72425441
32534460
33915327
49903544
23524655
22956560
41103373
32520388
17711622
51678200
56695746
68316511
69409544
75564265
79353854
12879391
35864236
99983824
804147
31772169
52487303
2599939
48877255
42647053
87041985
59349311
49322480
20190774
53694658
79170156
30206665
7354628
99154206
26898037
37329365
37809475
76474859
31017284
29732591
9223099
11971419
4453650
51334529
88867520
23975218
92351336
62200307
61980816
95288694
62067442
42815032
83085790
71784957
451974
53876077
17893729
61356191
7308733
17264808
45292867
25869342
32807809
73733474
4710534
78702756
93250696
70548830
92680533
77753877
35842652
54015224
16075133
44190589
47540218
30484398
80245865
77408872
23914067
32374525
30469516
88139871
92563334
18375844
70817697
45262151
96342553
95781901
59327614
76264157
21814151
95313954
74704707
81941765
46319073
29167073
93121239
28965701
37216705
79908947
77583386
9487218
30861626
49164677
7082556
26293529
23178488
50889443
98241706
22896066
87282628
45967005
49525005
7381334
76703191
53321515
95701627
68178276
76783858
49700582
27614014
53640968
52987216
16078564
27045938
63710270
65239060
52710739
55900075
4191006
39065537
17158556
14020572
89715902
23020142
25144313
11842889
93109009
24791513
77300583
51384491
27203432
78646547
94654258
54688935
47212606
80803299
44359967
90912126
83810399
38060717
5507281
96635258
69313184
15432947
17089965
40907236
26126990
42939919
29691819
39386361
29698496
39699145
28789977
14513396
81298860
66525418
31280551
91705720
60657985
25396992
45482438
28929400
93518422
70366285
72130365
10756936
92664871
82310689
26053621
1430292
16597527
57947069
31487124
19605195
40889796
29502199
55807159
61334198
61487492
56828727
47447687
75315881
86448283
57651408
8274349
37802501
77431951
4781398
25741068
70498563
24027954
8761953
46539052
78870479
76595065
32537122
90563116
29760311
85645272
39325991
91244796
29033437
95960056
45328428
66287156
91701746
95242389
61379619
12970684
302352
92924325
47986773
37402851
69377966
29414553
79230126
80866542
34610889
97909710
93887079
49124075
79189811
68945094
16890189
73353165
68591089
77367141
101462
59163609
45635948
73395878
29212567
69646452
65820438
86512550
34276166
72073676
46077358
41325963
29617582
55962437
47423007
94719791
68009621
86172209
17529117
15006624
48835314
25837111
62400149
92170640
1427525
58185003
35476568
89800602
63366730
70911308
413118
7084840
64680717
51553104
26881453
46694522
80093787
60520729
12127272
81277507
9020969
30044202
78827703
40865145
6795998
96683673
78137956
73797996
50044985
56750606
17674352
13373755
71499084
29838560
30852880
7056788
89700042
24249168
19830802
49606906
95798996
38246435
48696101
11888046
96182217
55519818
30472016
26646660
12289553
8880847
84023886
85674501
55768326
91874279
91640382
70919063
83267756
69320895
61825412
90288515
89204199
7876276
17166352
40161811
91067741
753699
34886991
88883661
71441895
70038459
37021678
20872562
70201206
28337571
84066654
33177520
66695131
46695428
75016530
31294343
35415419
73976914
92842476
80747474
80918660
23841092
3748411
7099648
42260016
99371535
72671691
35682118
71191979
47873853
75132503
41365751
25660319
93045721
52713253
81359185
22391913
29108277
86007890
62694533
73616477
85825602
47839186
99505656
89891824
30882127
5632539
66270372
10988480
85746874
75652048
75027134
92722083
55780328
35576113
44071013
16146565
80470878
60724358
7340627
85519220
68253674
25108
21990156
97549498
85765647
91169859
45752168
47009817
21387645
8565356
62491099
78169776
83406204
87206293
85297775
78492940
75883322
29983871
69730719
14307861
18328698
90342430
10771870
50682031
54865736
57940389
98911965
74335954
16988769
82703578
58186860
59665745
20291644
76342569
38309213
87012259
68141273
54874437
20971784
49732915
75920878
82867384
888742
73864733
96884276
54705283
5179754
41361332
81466851
86586017
33459943
96731377
24018593
9447406
86931874
75126358
12896204
23326460
27469287
60301082
52585524
94009084
64086018
4397379
25892231
99334122
10284024
46275030
65121262
60972198
98124612
85587167
18635747
88159633
82719048
75593636
27497320
56642245
67749782
92345609
14952260
35139566
96960172
47083043
72401426
79908713
37927883
37243578
68661545
83960821
34137890
82269614
22423119
76027207
24590529
92954367
59924089
43496848
25253466
94007580
38808290
63384989
49089078
7788920
4854551
70641805
91034023
34055273
24415654
62080513
75782306
1371427
25118183
83208112
54976632
67264392
37613444
98428957
51241219
42899465
14058776
48604218
57078332
71406738
74268627
61608770
39267582
22847710
57769648
61333359
6777621
80800012
5909046
10159383
15711078
16974787
76409347
16674123
69111151
55440408
75523747
32568498
59883768
69332512
40278643
95271963
70337392
74618159
41225800
22362931
37121670
38536193
86593426
79662827
19218152
81819747
47932327
81720131
49871105
58017983
19828011
95677147
41324650
36251234
33107026
49690519
53599040
68607719
67399684
55585597
69607045
99996278
93324837
45337860
34583046
33463120
66920904
2175436
41288009
121548
79955323
36720419
30140155
57309104
6018806
32602588
36345109
80174192
40588807
52464393
29459124
6655102
76128248
59884703
73139502
16643851
44911381
804590
5630294
25027946
15453922
78013634
3100546
9742603
35171449
65029707
57783405
24759212
72129057
13963912
40941993
17309311
32488164
43910900
53682044
83960346
17757721
46768492
43611976
87535583
5925107
99025587
7796018
24150637
30232909
6453316
4868772
26447840
84618084
9751520
3208578
12153450
49952396
64884618
75153073
49987654
94563911
62030732
39113039
23921514
79216075
49597518
29618036
51685260
92146854
86237957
34463308
56602646
62976013
5972832
43123882
97889423
19336094
50174670
92393465
90566809
56105897
44658956
39981932
81737659
36067357
83148512
42747299
27903571
67641
75315796
61204578
22050955
60007089
74200513
89490951
32349846
71570054
64615570
53116764
52929575
1811346
84782719
74783249
17415425
60065671
94510852
90572518
74496748
71969880
81273587
33365263
66211241
37478162
70852608
47429594
41150165
9181266
75296812
62444889
27322132
47833621
56969059
66920808
42546184
54638615
72783123
68057517
77877304
96383970
39507640
40855401
50050012
24445707
79088839
51604291
2599628
43650278
39674141
1526327
84549547
66247005
13373178
46383179
6596615
69322129
74168406
21167359
70495889
60916926
70543530
78412901
96320606
67527470
62822674
91706172
59857905
51446759
77252419
2658767
54393139
23106308
30738761
51960668
70081325
35790719
32171651
36037891
54326074
63732899
30146397
82522797
33696864
5375151
22034573
69256549
48150236
40752556
73903877
73706461
62610598
34219689
92788072
83786428
26783276
56024885
8894098
28413264
13641391
42478088
62518923
54204588
88330321
73298658
10507720
95548142
45811794
72959109
23865503
75550579
25518142
79661772
13394322
20679364
53812379
22130911
12224425
83438019
40849975
6338877
17068591
62745441
34113366
42768925
87861042
72550382
84934200
80262191
31495555
66191145
87817135
97507346
53501873
96288574
92067559
8031961
54068546
30427097
5280403
97392983
94304845
19669452
61465993
12288722
50794721
74037098
49849895
98030802
5411786
69970972
25060784
67362188
18368903
74464709
38376540
57810524
55357713
38038662
26432052
3850902
70274683
88456042
47204702
47960771
95501104
37075018
17357942
54715514
2322703
91360519
13223274
74430298
19422065
10507533
23241765
50108647
75723482
82639794
65864773
44933872
58506428
51096093
39342875
28905959
91148691
56394216
95469095
51469535
78217761
64086273
5172453
43843957
20174199
33134413
5097695
62195719
83494878
20294298
83850260
52124053
43418841
77091730
73257501
98477622
89458273
59315590
82573633
62293690
53908585
76163240
76696490
32300964
58407124
33088123
94889711
12094079
18516623
16732524
67450446
78052572
84857333
61032701
72401019
68182131
29667288
20072422
66541310
86469840
50036572
27260870
67822123
16577640
53782925
27097533
37888857
44235509
66934566
35303381
36302606
62315560
29874519
50634059
33182066
80811134
21537743
36295148
15289133
51002425
39874267
24581784
59260129
28760785
83274654
98538558
17120336
88450720
40964160
98266924
50245703
91131229
72682648
45026949
87275475
7577424
20018041
74239664
62920074
23821839
31157598
86001273
43085770
41922773
14388173
96833725
77768805
23835635
90352791
73001642
6505680
25559318
43005561
90339399
63340564
60453883
78114417
78178023
74529886
40827801
62361702
25687512
99084114
6877573
20231051
97042821
56469185
75777477
3416736
49285038
40522016
7468368
80092427
13848099
50353393
80919233
20188526
92097412
34961864
78110704
61881857
4758960
94733827
3912673
53954811
69877310
31954573
79064528
46520025
45800713
15421985
99264255
8703534
28968254
76614265
38437834
16680025
85099753
32021503
7467749
62667472
15291539
71135668
21759275
24007380
46181047
36543339
76249710
70606578
90576990
13934987
35870541
5951959
43305729
28388126
99543869
11833316
56030708
18668814
6818615
81693725
14462307
78526528
82381058
39581936
81151429
69723624
83154641
61175668
90665654
73420876
22028132
65888795
48671626
30613386
75473002
81072705
17908113
42341455
36051427
25945135
76584095
44653621
9707789
59824817
61749367
75102113
81595379
88740333
14897979
24214221
2399908
5738642
73358603
596353
29459572
56168858
84675373
38407073
99679898
82801026
55533171
54895887
89878778
96199739
71691893
71901418
74605689
56833042
35388158
76567911
20132780
22962436
68562548
4699976
20183427
16930652
94023604
59118016
97523507
52445621
69838611
69632925
11146328
23426517
24545552
97792552
92600619
85633637
3167748
39206617
28898914
70608087
520487
76059531
88164396
71167633
84185562
82805207
30689371
72857296
65064192
81492309
94154224
64367195
55476323
87543996
22131866
40182665
61865318
93200611
3579703
35901627
20017517
57035952
18517280
44568411
77583319
88056750
31124779
81895987
74792938
88655292
72330915
89944203
31520379
15620067
18042869
40772923
33005734
93384100
84115188
67817435
74884511
63445368
82807908
55780679
33078526
4891689
16499992
11654902
30714083
13382412
30280260
42890371
64726629
55408042
28037674
30268225
37107415
95441697
87480638
58649382
13261746
16143069
34996583
78426625
17207608
87443178
54862988
29923863
12170621
21751705
26855055
65925249
5473513
48025459
57521788
98914477
4647583
27706721
51000893
14125943
16713363
45411519
76080570
55049846
41891599
61745512
43898504
23662651
6679240
69908059
89361814
89123535
21319896
95098445
79824192
88682193
17434600
66921630
59872249
67335835
94383009
72605176
21275224
10708765
49467498
13535364
45064033
22453818
91985300
93292994
96869582
75531271
1008586
56017460
72194568
43708532
62868628
43750651
87556349
14330471
52226743
98030914
3783459
48667737
35174298
29706538
78371750
3320327
46345957
60702062
54291576
99343279
76093278
51839514
37210185
80099573
42347765
35082175
40786479
67862848
57069779
82161536
75119641
3514296
11415646
4505785
73062405
570173
81055468
84086345
13129799
57901042
96998138
93574449
45599450
15854483
67791420
5438452
60130654
98587688
86967755
6879568
36967328
91993846
57230015
59976295
65042599
6671203
62156021
67284950
23740548
31312385
23229047
69944597
5591269
50965661
86259054
90416009
81001499
60235674
37855002
58440836
4571840
15460744
16486098
56458623
59788434
39728153
48539387
5175096
96661702
29175758
39090034
52694745
65409096
88212676
56805767
80487944
34269643
20457395
39826511
13549848
12311731
32620851
56574327
78621736
14753868
4129360
4356637
4043350
1384081
32907828
7269160
54296686
39732118
8157720
40520811
62025401
41118078
83178034
29151287
20784515
58183323
86936409
76536635
96612337
62400116
3523564
67182922
55064177
65959028
52892767
8369822
10351831
33537499
52731422
93746990
21827500
36464285
10491045
51014082
47701021
96148905
59922369
43290051
51605003
2658657
52544369
15599976
80373432
82340638
19634198
52158327
56560046
33714836
2544422
10916903
32371171
38376173
61414621
28575119
78057885
95832745
20884144
69746013
96544651
63888317
26985030
11328271
49277137
36431152
58510847
37273781
59489678
76405268
29189393
61232057
71982953
93970076
67869764
45981170
77064027
68419804
25759394
32395420
41042983
73426149
51260241
6721728
2932852
1695105
68831613
31908137
81820988
1001768
44938045
95054663
41844829
80568255
850308
27904495
72999795
94392128
22357498
33901684
3811955
44393697
36132415
29094671
52445715
95233579
26972
83395069
61586839
72048687
7158258
56019529
27272650
70694716
32825553
43255639
66221097
82823555
59368606
4450077
6701384
65897377
96420011
70439259
17533360
54106771
96689782
21420717
88221570
77585982
54493612
55875528
71325178
42576510
81121385
7371630
47195439
12581929
11083297
38873968
7843933
49762441
91093337
10641272
45189312
35039393
18238694
3449028
54918595
64510712
17947606
3965017
65912373
80669737
30273392
69444115
63620484
15596960
9379121
86749526
50865747
66395658
85980323
4262097
59082506
51701295
98745186
90063705
21208089
29854467
1712540
3845878
21558980
64524164
67850480
62483780
45387077
63908454
43747768
18797369
33241830
47553301
65788645
28352489
80288411
95990205
43645827
88681294
77134575
18543948
91402065
43698850
91746410
61328503
65771627
25537275
77414993
48469535
98960578
16565177
82028665
48831593
3907062
41481624
30540316
6776714
77463618
48916222
50081775
98895246
56241634
73620935
4870717
45854478
81952253
72971953
14544079
81569775
66810749
47289640
24519379
44619964
45410012
59149265
17839317
58761262
54542103
81395898
66753125
38194274
94319289
99527847
71252805
85594701
41748974
54115004
13381992
2916921
13638389
32632272
30357964
94356430
98566102
20661142
3435716
27673100
51585503
112689
39458954
10682244
95332207
6673410
624492
31092988
42698517
75812543
48798062
78062926
51855589
44480797
45517046
10586056
51374670
46723619
94317598
29122990
33289281
40176125
48436827
94732153
98217443
73123605
49462972
24183905
6161873
59569345
64374179
57438145
60914622
43727757
93004625
36822249
68922786
9747679
33766758
99012586
72494523
5503189
55186835
68080832
3319885
31895841
68140694
21328074
29035380
23729924
81456060
93314125
72322698
56727217
19689296
2005523
11364044
30209549
64222860
65214070
49497497
33146823
93368166
85475918
45363093
28597412
69530024
49477267
77722947
29285119
14218448
79841742
88531176
23264817
71130987
34688864
56065755
4193032
70981230
46277635
506653
18360961
39608093
29168972
34809998
40970535
10297682
96129435
32690079
55811988
34098357
78605107
99547600
24921297
69112404
64592024
32188610
88855850
17305395
54764397
27409995
2867241
51340808
74094274
63323280
78358539
57467940
97401852
50387550
71789620
38214217
78506932
7536155
59997334
1851384
61212096
16194027
48850175
74230516
85354528
15546923
73293395
67547410
94443543
99772380
75619509
7839762
59356045
6620327
86778690
15834563
21088425
8129486
37290730
57634498
17046557
92420003
82085906
26299346
9037252
86918895
58363727
79899634
5641529
41180412
37846994
15453536
91830531
90568416
3419145
64582569
64881581
3805815
17383607
9882279
19804068
64565903
9966651
61659382
40284530
26426726
1053843
36956258
85635957
91165630
52995544
47650416
35098537
12271902
96802224
26651677
83327295
86786556
66207535
39468755
44571119
41265785
93015404
34778590
92791880
81374860
13167459
11157061
82136227
24560746
51782688
90532447
85605185
48790094
32237195
54429587
63013665
45811418
54732122
89850203
39754824
80005196
27452283
78025565
10646285
12649115
89284041
61688325
30240242
83590822
32825106
98031529
63738700
59855758
90171598
34565740
43976600
81717054
1666677
58830263
15617332
5663100
75022966
47861039
78696582
51010769
10188540
24681754
38080497
58254140
5858971
68548858
42400192
53320851
79655646
78222686
50371459
72646940
99387662
31810625
3703428
55956500
23824738
28886733
44202199
78392153
58141103
40246782
39479737
81661946
18064035
16814284
10900807
70242543
43392929
96093815
38910872
53279993
36928176
35341604
85737989
6017454
89575125
80649640
14182934
71050389
61149301
47515485
21818289
24252522
76201480
31303725
93098693
61942634
84253779
13789
40148567
67100411
3877892
40689301
83451271
71973183
8085865
88734317
22183911
63908622
66875743
31246954
31927074
74904615
94311874
78414653
7597360
29278567
11120406
25466844
10474864
25168240
49706643
44899507
35438942
7801484
11131566
41734207
80735503
8423306
4371286
34830827
36538469
89513487
48210485
48471366
59810860
96337536
60466824
73933983
13285379
37158010
40905729
14081818
63196933
22632556
89160017
16303760
16947816
99292640
1188495
28753665
64984236
78134042
96107843
98494578
56268655
7458483
10444521
28476416
66640211
21519699
21122085
60570129
87888003
17287065
71882619
45367919
22990971
51661004
76079418
35688182
47919095
79634306
7653751
65134549
89172940
50294309
77362312
9168193
23366947
36635539
90279018
4397588
88796096
4623073
98973463
14954262
77184024
27953470
16427019
31305916
1221587
37447262
39608753
85756523
44844213
14509528
21175517
78906152
91569442
22603419
60221082
1004102
51953629
16054187
17341699
97137679
73187279
48333133
82637054
31721148
54368558
93179753
66302274
70980504
17282065
79450775
62135037
51704949
21684455
47578663
92047779
60171235
2312376
7262497
35290223
10269967
42230985
6561385
68814675
59138726
7122968
54503655
43597206
34410060
49755955
98876823
34698718
34964910
37701670
44291825
3665312
90150356
74040735
27770642
18299718
79460460
38193809
86504034
45039529
53212604
810542
59557333
49205518
80214266
7091103
86736646
22484032
24982530
6652279
41965064
57384964
57329289
60686367
70201312
2793292
67871167
82844368
14058830
56533218
70909085
76334134
38526388
28822213
56303848
22762344
7605020
29318944
3019622
4158004
64096524
94254698
44636869
78537989
53326264
70631937
8388859
47100378
70772193
18187804
69820619
57469115
356389
91351918
86835377
22464747
68647581
91252093
38391139
24855738
55354736
71210535
8750187
31994202
77321085
72146495
23838066
19303053
25544542
36649549
5440689
69026670
83051888
69782089
2873983
83582579
94285005
74311017
87340477
4952171
48439232
43549832
97586444
35418312
3670588
12411464
69746579
73845459
84853713
95305228
56748068
66621342
99502283
92593015
74626897
99992921
82398669
23662458
83131090
38028190
79130391
60500888
7360828
27172716
21793937
68860233
87733945
88800883
64773783
39528476
21122718
62812116
2350311
43460620
79271383
84045207
84625346
68902041
47803487
58903765
86688111
74544333
73106397
24525451
563843
6879112
20906492
28555161
43999201
58061350
9610377
56822003
29551286
29818010
75696764
26568946
57144713
98979760
34070918
16062412
70997540
22535094
6996674
57684223
404852
26173958
77826026
80662849
39697308
6312362
49751165
94556183
45429213
22469270
31382665
65338204
42839057
95270809
42545270
64467549
94642354
24541742
57572992
98733481
56239683
17015368
51432792
84493270
59486269
23996338
48690598
41078946
72970157
6038528
74602375
79454823
55360305
56411874
4154656
92408422
63628929
50510653
65972273
92295170
31501322
75024669
79994071
91468766
3216066
66705509
5700208
44192053
79167088
2457899
4208489
37788451
24499913
22341035
45300488
65863044
48086523
36340789
78866709
13232675
52737304
33214562
38878961
42142348
64322973
22009435
41876050
8810313
91537526
89701918
62800522
7489953
37985389
31072741
17825454
92178445
394206
60529613
79609770
96652621
40828726
79283599
80962675
92302440
73992611
76966354
89731606
86957270
15239907
67633979
23604900
15753784
26337685
97520334
94230877
71603143
43182081
16648814
11530834
11155964
73471214
96760141
20738118
58084545
74258210
91416384
4662682
44377527
86043046
61958269
12830554
82848823
92444726
4626789
37613165
25951758
96293700
71198819
79627421
25524932
53172504
14942287
80806332
78541910
37395621
68167755
91560567
93745693
7050243
78322805
48489758
96251025
11975874
12916211
63094820
79093544
604561
92601960
36873067
50346733
50055636
40648096
94429547
86981296
5761912
13463135
5920698
1108414
67414032
13526121
77809377
93821684
5910801
68356911
43526211
42572517
80423658
2673910
49510338
60873065
8181171
58476878
49563110
59719624
58047951
42429164
23459567
37419388
50826036
91951459
25902729
60355742
16751075
91144658
13802117
45321965
33848405
67743004
8504428
16794382
47706650
7549196
82688132
25911759
27541218
1457353
88205442
81332154
293850
43769656
13994806
39873052
32862522
1691709
36945573
29868272
52662152
34412233
89788277
83546276
75743640
58533387
31521827
6369227
62883706
29378551
40557136
79561098
70225473
44589884
46876874
89003360
40625474
2314038
45727864
96548269
86984662
82638673
38627282
66531891
19767863
44160913
60683241
21173341
47220253
10701850
75231313
20994398
50110812
8599926
62438066
29441659
14496269
74516394
3535624
50946365
7446113
68954555
55596817
53295452
28959543
37229910
5356093
30428010
2456084
85611339
43823528
19421510
77364538
68260396
13001762
45069986
81897091
84951022
4973765
9994168
49328133
27108300
55947913
74616896
65493490
45856010
48309375
83336348
71152281
60365168
83570701
74347060
1512022
44125412
22033714
54819336
67563456
1226752
15858573
31645917
78053586
98388920
29333718
76516772
38959786
83774435
25216925
59558594
63377723
6665017
35748231
90750014
19960639
60478608
13971891
63137491
79471353
21272460
45325240
81869908
16178786
84297844
22445134
30615046
8258755
96018542
48607029
70735433
30439149
74250991
70086651
25304801
9311278
96131161
61698961
29303893
61965020
84310391
46605540
60758203
96477941
64373168
32049424
42535326
55354521
55689475
56093389
97338913
93947199
37881094
30556456
94835382
75171466
91330759
97628688
65717619
22710952
35462832
99548448
88792569
25040385
39934461
686250
96385515
33262501
27182752
2376544
9549183
92611780
90010252
58399610
40387701
47138746
45699834
42241747
80416897
38047425
1037614
27097368
68703078
90402796
26718654
42597110
10551897
61846091
74938555
95577986
61442746
76081462
46226580
6702603
99668087
97576526
38649821
69159974
87916124
22128666
15101508
84159500
66460994
94614608
71497697
23320939
34677840
87579075
3307775
48667470
35572962
75693890
98570027
73345640
61047391
2502161
88728721
9962829
14216716
59128862
71415385
16088045
89903816
45714648
28318732
79347136
96459254
96408984
73200915
64230408
20774549
73891073
34694523
64459545
65005259
50396580
23556830
79140051
27742641
71502021
19809517
34467425
59384441
87382610
48804167
68762106
36378167
23872443
50969067
67318806
75964652
66207222
56647852
12980989
81895331
63767546
15969237
65771939
59482302
67855102
94670803
15967062
20819870
52394808
406254
91721592
32304822
31645374
52133697
30696081
17844220
44676694
97495700
98376349
36981898
8170593
90464698
86034545
56180049
81159354
74217856
69067197
92890420
61351750
36179557
21410265
54539026
49985158
22536974
14778724
35167129
93798889
46610346
96037714
55412567
88671083
34219541
86789925
33362451
2156269
31055795
802078
8906041
24253132
61263218
36314678
72231086
59601847
17656715
20459407
63869929
8165648
56973019
45384083
3056163
35096279
40734320
60390003
75782014
11882049
90504505
58581505
70317718
90065466
52180638
11236624
73243343
97622203
23136848
64328940
5503116
42052369
24720099
4224733
24084336
88586181
78570384
18093428
29751412
24172224
97931751
51047189
22299480
26581204
51257364
39439012
27886830
28473920
78581714
96609183
26184526
37273292
63178610
82465941
79493494
34005045
59929259
70997836
35906810
19035753
39908291
25124395
60287375
3282998
28729720
49257644
25605989
71524567
86832584
87430351
39279599
24817429
91190974
95745840
44853543
20081
5289413
82411429
38119778
42265017
15635296
85904227
96615382
81365477
48445956
48163256
34389164
3443016
86086865
34146867
45053608
22050311
28878982
47518518
56000232
23252370
8042483
84803575
28820752
19841266
93263400
33070600
66793274
38169049
90667113
13360555
32852996
33191383
70989329
85908239
43740667
99450862
26224979
59151083
35111466
41477160
47117024
58938359
63223336
67763199
31128105
32909936
32166183
20322105
72882330
6115029
51957838
86794850
49724302
33297476
10121444
44482929
21958368
54891738
87934581
33710887
29152157
15102206
49782561
24364044
65970000
94701657
65366772
63590231
7134789
23102537
82777830
33466045
32875067
16046235
87203146
68128811
32142626
31421028
332879
28431302
11919924
47374029
46356013
26202543
58254121
97142794
92742460
10164122
27571405
83619730
52269238
69646865
60854174
87169423
69134396
58026678
5198252
87979883
25938133
7907123
39122592
11804606
19609963
41329971
490749
39154878
39017142
8669924
62709562
97507637
78697109
93455434
8216258
76885330
74069463
34417248
74075382
5196638
50321252
38590157
8984640
78853901
9876174
17197333
82539299
73334597
34838892
72086924
72247205
55704412
77062883
61100151
94125614
51306971
68297728
41816108
77550009
21194158
13885260
42706366
92312420
50123315
85150471
29933860
83700911
32096571
58750065
17348482
95721294
3607678
34778695
77762927
21533378
59421882
20164208
41400566
40872689
4886763
33708710
7981584
90588619
46481677
94264455
17019612
19250989
67298582
15755485
92024479
55285158
10209933
67440217
57128127
4800592
65128314
59190763
47508157
2167304
66139976
4004642
38911170
70196034
12710524
58483191
15056903
64559930
55686665
468875
59611005
88368909
13450330
87196352
21730099
46929325
99248560
65222068
87430594
63668099
48074219
29547461
31943859
82200642
3672940
19729574
80333291
92272585
50539805
86766469
98528661
47270746
8343343
65319278
56961729
54257631
12035976
13278259
22378303
66777631
83653992
55436493
69115544
46067247
46199854
69426276
68686544
41217101
62875861
97527636
25352435
72797829
33390369
91678494
16353580
49386423
50907839
29862966
63484210
64326645
70441762
47693726
70031129
93521969
50285113
85707053
18288056
44983717
36860141
29588740
50910544
48000080
61053600
23650512
85865379
31789491
26824469
68660035
46674696
48253627
2260203
89782088
84413886
93067427
34319683
78273363
18893486
99821180
26637641
42538110
14052764
37788268
13027388
17750388
86424674
70627211
49263376
5150025
62010428
84580734
19108157
96035695
20103812
43118682
78281069
28103829
4423929
46927549
98100571
52828837
21990757
7650505
2182183
46287994
91404054
61709707
98004360
49093537
57540801
30373523
47459699
28195923
1253429
59332779
98794977
10107354
20955276
89076647
16479592
19786460
80535802
55412737
66337741
4172460
11944649
47508838
86287050
64455492
69560667
93195411
12672592
97144957
12302313
16316745
50604977
82112273
98150758
65631787
22730042
52797751
74337823
36493497
50462771
39539678
4508599
2188193
50808775
1845832
55992077
79169863
32303636
86521740
37738138
65606345
83218793
47775176
79570077
12738682
7919587
78681705
21277429
52654333
94601456
25261501
49356224
85950760
7396756
59715855
37299882
40153405
65206365
74504631
2324172
5517869
18707283
68785364
51090483
80778270
30718986
74107312
67034680
12419952
12404395
84525272
26045126
43236561
32294174
47798305
75320602
30071465
90928719
98411615
38094404
7407355
37853248
52776468
59231956
65029440
44899092
62051413
2116872
35323040
73732841
43077345
66736422
62353086
89275244
42538389
86529963
92735787
84728034
52181743
62020313
22016686
5727827
98612320
92560935
86452695
21271759
62244776
87691478
95362413
33274629
85523117
18332287
50662753
2159147
66143364
59571336
76157095
65020631
84938674
73625819
71537839
26688776
94942633
18347821
94949003
8614723
16017378
69991593
29040417
71288696
71407756
54280066
2383998
29942428
24192576
19683416
24860184
21681814
27006486
46748731
33168670
64061406
515761
59531562
88746500
38851147
41085074
82984875
35097754
6133443
2050734
83132876
83463758
65048504
5916538
31191294
43933101
30324962
10990573
24434636
84621698
568683
77692859
15199259
87973754
11020475
38905105
56354024
94771619
46104239
9908618
99581728
5532015
22871729
86647513
92213747
5622475
85217169
50927146
43823582
65824019
58605972
63365477
95960362
35053104
8070673
58592905
36726986
76234389
91426710
54396654
5998023
41318487
12365294
98653522
17254903
69047266
69817658
99306744
58538822
78748363
12283898
64831620
60600577
87719984
54158356
7798386
26851526
7988768
41406772
40290798
94674915
25686244
20370352
53079700
13201239
66989966
28699800
14180250
63038488
63011579
3730594
29329150
94856263
24743011
8235694
71334228
48571635
87776030
35356854
57463005
97665619
96949069
26887546
65893261
22356266
33499859
87903988
18158914
26863903
27916562
84206708
70417983
51550784
66209392
74190065
13891415
73479272
59516768
14913210
96995326
28144055
80502311
60317546
54486504
23128395
25770080
90315201
49623356
72274146
1480377
68148388
70945531
41398409
94847724
81228038
76220064
26851325
8121272
44732963
95725136
71690883
71720036
44900819
91077102
58084026
85839776
64381783
34244215
72784600
90746167
46907266
53693479
99963501
54349353
53607630
17865982
78218674
79431064
7037150
59644176
25569507
27535061
11259631
58546570
61485352
44676857
40844039
47181323
31214808
71344853
85161790
91471050
65418364
42604530
43656681
87898160
11810874
29842372
27133118
64667195
7495162
67517272
79517333
34667118
78673178
3154672
69057221
42017476
41784159
44093877
92024969
60009877
37852117
6441930
13504270
93765932
40185694
866166
14734300
63342429
1571204
75895373
15731340
62404354
50936520
1372400
41471394
53718573
93017116
39737064
11589541
99979802
66793769
45113092
18287188
80776305
73878121
13499548
10892567
33128285
78289289
78164924
18652328
66836500
42988610
61324433
65155183
56272977
75212204
92808013
64429746
23564668
3851895
20551410
23447327
87582199
6193907
50481136
80412187
88200992
68829623
73271675
90591815
95310716
37077329
10090694
31178390
25680151
38269700
14520424
92397034
87649079
49175044
71548459
17086671
97452533
10579961
77637248
46957806
89836282
19067554
93316675
86479305
9114827
38352140
47719724
34305336
32257201
90670429
33369902
72880157
27609198
52394057
8088596
54938633
16707644
86390373
64053639
48295971
42637054
90287549
77854770
72160101
23812865
29337222
85027436
77356308
18031231
68988167
31045834
24990707
72784361
2147560
51096256
82691214
77710933
85381601
19568476
90166187
56906040
87456076
25531449
74611278
62674920
39094653
1625035
43534903
5452649
36451014
37826412
93346972
19496094
86924890
33931160
48220729
44457384
75829865
14738384
40379061
35513642
58398251
80448901
59144965
25264818
89686777
9701157
48360793
39121830
373094
33026050
18041424
19997519
24440277
6755806
4383041
76516621
19628241
77229560
37396531
78575992
88531974
60491913
48121159
38772440
57343328
50531615
49117139
66127170
71980512
68362455
31818086
12306767
19876366
22422476
73617150
32859378
72665611
40516980
1148495
56473665
66491103
20960970
84775705
65295795
67169081
69922137
93758806
37212700
29390600
43064679
62255804
89832762
36091804
17844351
55275255
98275281
78794247
54755043
42871496
40473082
44425832
38513979
20264150
14250911
64680759
71187975
95996891
64414273
83814356
94793750
58668754
47243794
42078102
60725341
53938573
96965244
23931303
64044197
89604277
86025570
76635981
91511091
38387451
37680990
57489689
79730983
8835553
22767628
11831474
71180439
79111605
49650719
64376041
29341577
98830719
51431946
33176461
99890876
99393735
66091490
35208665
36013950
84161641
48553006
72543138
51276737
83970000
75126366
1123105
38140779
66527581
76030936
4057520
31142427
93924189
84739400
18019573
28932652
78251451
20541837
86369026
81459500
35711939
80790370
15154709
40597326
4040070
58164676
77046991
84231041
75872003
27837883
85517292
61040310
54790551
83773961
24271829
2829518
7558081
11713928
56351441
44337716
16939569
64196022
93843405
94790758
99985366
38628096
66929812
17691522
88666968
44754337
88545330
31074430
47587899
62695497
52720338
57839266
62239617
984165
46949135
72804028
7500297
45424373
87231615
39585872
1195556
54449314
2962198
66212084
48135752
80526280
3773327
37770415
41673260
31208742
7104972
19832929
61540285
77708054
46766514
32047551
57164040
48999181
35976844
70293365
4579705
17571134
22561765
80446703
88615803
10014714
13573732
5333275
26621485
26884709
97907403
50227197
8802130
13397047
84647549
65882972
41032199
87293328
12518928
16502825
15149624
22921777
85206735
86095041
83468454
15272933
59800048
38435362
54828722
37221513
69113847
12659635
69604392
30216775
52082866
64471909
44105764
13489599
38793591
38018717
91216437
32099325
93128988
67599988
3312521
45227180
88280557
29893688
133263
88756883
11982806
7742514
16512065
60674038
91689052
88915753
10812139
37255380
39691938
20944905
38586360
28374773
59701732
4820754
24295447
99777244
23781381
67973680
65318134
22316255
28823028
78398397
63084011
31627351
38689003
24181137
56129386
5851203
14176972
7945142
74597214
26301272
51939667
59715032
65451941
52428100
87270719
20621910
52460336
25550460
15808976
2955271
41393151
95944385
46223266
62911760
29583372
39010747
84395471
12267765
10477977
2678963
33060687
20489882
80949387
84389290
88079299
33920932
27313091
46875892
2575551
38988139
63814017
25708577
58009702
75763111
70364218
5178342
51217224
68316743
31324548
24141877
96286566
33128571
74699247
57963591
25966066
48675811
12858236
68404596
85576804
59883072
61145551
4793634
97804144
79030519
22414409
39410503
43849934
325239
64303157
77054368
4705569
90369868
5509712
48025208
58189364
22054872
17443264
24445033
91576031
36855453
67591212
59325000
32330659
65887833
68225957
64875448
25919016
74700149
83655638
54399572
66948404
67878647
8560728
5012702
1506414
33078068
41313592
88110809
607589
58911822
17215977
40008516
60746901
6525227
37292059
3786111
64538658
35266248
2436009
4091305
61255541
65303119
7057237
99381674
41702442
97855506
62576052
17882402
70983302
13313693
24938963
66024866
20345230
9174425
43526437
29577211
40348953
21091642
25099518
70880879
85482204
51011895
99036557
565652
9957154
23723124
39842639
18200520
70255454
63898817
5593819
14127910
44886599
18494186
44519998
99482120
92186983
67707482
57594399
63407063
47412617
15208928
55366770
69955262
3007034
43585846
44857962
30170705
79159798
39326071
93964778
63408012
44433483
58707492
18617759
40340386
56801674
24979870
65456370
23355592
40905921
19444051
46438859
91416017
74679403
7651795
64472011
69635188
56201991
54824681
65793715
1656424
8187913
64768250
87144143
3644638
64362259
48701861
59077430
73410385
66010294
46732383
53521701
91064261
59059027
76018719
81932713
82274554
18732676
95565515
49707360
65346970
10473618
25906539
32787256
9370226
49158816
86896908
88828218
19306995
44314089
57551961
38244042
66492730
44795248
64228952
68977736
65504283
35650805
28120700
83088693
15689545
29879124
51845404
51621681
3270202
96873660
55977772
33859595
83139155
51896824
49424997
11128612
95597040
66265058
21676082
3342941
60006831
2076261
24072720
76562381
46119047
45503697
86229413
70559901
10962784
23797537
22713884
77719534
43221585
93875519
49949022
82987268
80203038
17006685
29312721
73239129
43591193
33349569
85648495
69679842
28381590
45573808
93286233
3541854
74582952
29197352
11792658
32082904
80043154
2510476
91380839
88328890
57644685
19095998
79771827
79882395
15905656
43274297
95224369
77446456
35283956
21734186
98825846
74417568
25773354
36944475
4392764
39931082
94889755
89018477
15001292
84410922
60045167
51275546
40137753
7029334
98203999
48545719
61978084
40975126
82572486
2407263
22332705
22091866
44087555
15847780
21546723
96994274
27256779
71738865
15251597
59221676
71949081
95982129
891073
53650648
19189687
28599024
74943087
73122732
97692374
80207730
19680239
53295235
32333846
9679476
58777694
10410328
53794665
24411713
82561149
28659992
53524038
63929596
36179449
14708976
54515649
21365254
65827195
8474293
10315437
81254743
50241531
24523136
53258794
7962404
68230359
72447238
98876639
63818184
97878635
46419022
37711159
96752026
59158781
77774729
91188349
85214841
39126271
65240715
12738278
99754137
64123275
67673865
92593480
65648464
99509670
67127388
77584730
57266358
79189940
94928307
43983363
3779639
72557442
66493533
86992512
11062912
72448163
6026270
56674614
91471166
47063577
48747075
21124417
11671608
40193068
28311695
74359254
96684314
21123197
50558270
15276834
32385577
7823636
12141473
18578292
81904650
98712158
27940687
52577496
63968621
469468
81485111
89971126
29510171
64602031
37474346
86412697
57422217
79929749
94990646
45606711
21096422
18719955
91535934
84624995
46209096
28267281
11099468
85469433
11179166
73959361
6226049
83670308
46453193
90343335
7053228
50171521
35957511
87961148
4037566
88754127
87342535
54959243
58213781
15637703
43152364
64678842
60648777
16746361
4895038
72786635
28459123
4698003
54811262
40260582
74927048
3555259
20185186
97488523
45540556

