3598
18996942
75704259
84749365
89012039
90004138
72435300
66022719
72353046
75182897
75054732
5567311
48303555
65215209
88945069
51156371
79761042
15412588
54611853
87271524
10336435
64244794
79353739
78734632
64713293
97682514
14490710
15258
24229252
56401347
27227367
92829647
11238696
99670603
19558539
28041161
18950899
96973425
80358347
91708956
31839125
89724350
76913233
71736427
28781200
71884490
97118215
54452675
59450525
30268352
14051372
56377144
58158927
69891415
92832418
57810893
7054427
52154004
55202142
58932957
77318055
54808661
79751887
41240104
62770259
46343359
21923609
80469491
88407407
2470436
23314692
33195222
42532824
21700251
28480301
43842961
71222473
9392153
72190974
71396619
9084727
249486
79214931
6555200
52955825
3908293
50263486
15200642
24500812
40961239
33755411
77467025
31368203
76780439
92237449
12378833
10785229
84979010
75368081
92474926
95404501
82631865
48020336
20425169
35915510
86936474
65721535
80130320
50715750
26467102
8354518
24436260
11916266
78872601
98976542
88382836
47521419
29947871
98879389
79200902
75655930
19967509
96247097
42447267
52907220
34487705
3741112
92822199
90946293
15457654
35851225
81307947
59859425
43406023
32958361
57952713
10927566
33264033
12322278
60265344
28121848
19176817
82216269
97152461
21628353
89254083
51162797
29747044
38851693
51637118
54323017
24261455
41756677
33198261
6892274
79218313
29809098
44081890
71630483
20854571
52408203
66144817
83991907
43317315
38532294
36481199
11558331
88716309
90822212
85908778
56310351
28547554
99354664
97517638
65712893
29998093
83569341
76680072
93461725
666118
51005569
85694053
75981946
68775035
55811159
11768510
31113601
80744364
58725555
10295045
72113775
23531962
86374107
58459023
22148304
61951062
37810730
39551864
63823770
21839202
16346111
56066894
18450072
82791601
85219641
7892316
86750632
52660601
96437021
59837040
46876929
15118277
3094170
48689396
572533
38889098
71906109
70241014
5787471
38147115
93321132
86578636
82081655
59738922
7579969
95003810
65478637
72406529
78957811
8807897
13833727
73080524
93188651
99057272
77423900
44277709
43978012
10334671
29711113
51753064
96152590
28877586
27566657
3820094
89582714
98425697
67749156
91596693
89007820
15584694
16507436
45163054
93721187
91667190
80872321
49907652
964655
93854033
65018710
61049271
55779142
73658791
74703885
17745347
14983564
3250114
25667268
35028096
79364373
87536935
88039373
50977095
7131535
1999935
88745285
6523087
81020680
95893718
3059841
71721893
96415817
62852614
71092642
83203027
57605482
49679044
36923605
70424362
26550683
38290917
59206988
45392264
39178808
61513051
11589372
51031194
31791694
80643978
93831168
65308389
51510618
89004141
94360539
74647487
62842739
17031072
18880631
68348929
5862026
36687931
70831362
37831719
88803276
88199246
90478959
39002149
12563064
280797
13855752
55162254
442896
1302131
3057825
34328270
63203870
27315160
17372240
73342179
4253786
19399529
99533027
51291643
30984431
89479775
24210415
27900333
7935194
10911889
64894561
54172629
42798564
64323894
5276728
57307079
92289030
99605099
91306990
94632394
99128242
68841268
94179722
76118393
94251718
18367119
10893645
51246231
43929837
95771313
83510387
60649662
77115487
47350868
70372063
60844367
13946330
84528122
15929296
52499332
33472585
29509870
59543124
11770277
47528593
42124445
525339
47834829
1087025
94646132
13229120
55890332
99831607
6770363
69346939
86263943
88003698
14289283
39675628
25142914
7258873
37283568
65964007
63900641
44646631
4134414
92809926
3602959
25389797
53257316
39002149
32867463
1528784
85235548
68219843
92194115
12765538
90124911
61804886
16606790
55614530
25807311
69948393
69390641
32671012
35352919
67512350
6565545
23313529
86322860
95015405
65241935
17824552
78393953
69464726
52013781
45957828
67961345
50982367
16042438
6593279
96460289
27087206
86002789
65054471
78878086
45054712
40605239
96425063
51837512
7073282
99126654
30244197
50062507
30938461
97933008
80570432
62629679
54914056
66543918
50606895
59843030
27246460
23497964
94665322
10564918
994437
94400107
1955482
53531269
68667325
2785102
65944502
95471308
5457114
33174090
76835167
20447789
86775313
79381723
86159807
68479905
300809
69126413
15459553
59370874
27150087
66658866
1466908
62079304
54087221
80020487
55746877
64968312
88819553
78560473
32590274
46177399
58437715
43720349
74759924
25392150
4711742
80836502
59805274
12985767
93035709
50854193
17702511
2060334
56387631
71512023
64098021
15904066
9529745
91107846
58004746
26054995
92311156
91781180
62501581
42433195
11512983
30063184
89461333
15631143
25877022
65396280
71438742
252300
43303517
77928065
73339207
12319162
7894732
3541234
65538034
99393151
24064248
27152055
20039441
15740354
619675
58530513
67800243
77541723
5746466
28671681
73796171
82274123
79276905
9065415
38574615
69450067
65031170
87258179
26655818
15826995
81985494
31653440
75791404
45884669
43264165
84327047
31429065
36786160
50467408
67854801
89611896
42779346
29419413
37097036
21001844
92049422
87785136
52678731
46642862
95050479
33050832
52721608
38575358
73540824
39516163
63797063
56180965
4951410
27252261
24506082
49838528
73398257
87365530
29528653
41028335
20975658
38658343
15899939
59096233
89432406
21058210
88398426
50151347
80099405
51431744
21384603
70721439
74937592
84278978
73152318
8227253
42749318
38021794
39420865
31287045
97339667
57614035
22130558
33617375
95207354
76057085
43543763
32682848
88785640
5073971
27743786
92121458
42613697
80932762
18255892
92495814
8757736
50473401
27970354
96685696
35953627
38101026
30610864
28199615
38114341
22184115
43522140
62243665
77415745
49200844
21962747
21468169
56432797
13823297
85875959
26401239
72693834
2953386
43299332
15987614
81655600
31711212
78977362
29004710
8259234
62084875
1610793
2794187
18636097
40150308
6133664
81949971
85612737
97396379
46495284
22957304
62004625
91935846
50212061
49525245
3018170
47542286
80659540
67289257
96128297
28981979
17822473
42076778
55266561
73835044
72710721
11963727
364738
63885515
86913238
29699152
35306271
5179235
73247297
55680237
87547346
74924605
45702070
67914644
37377417
79006815
90433905
90176415
64530701
76342417
56058948
1695338
57329378
80351300
6857403
56043329
39186805
7826185
10863007
44710209
30092346
3402177
59096994
7108666
93825542
98078028
77459347
65225970
34082531
32921924
60974320
45696621
148411
23044920
58381847
41844960
61090151
37963169
37316802
11244868
86609719
45102434
79766980
81625178
97968970
10174298
98599437
71150221
37650303
50130124
4475467
63507779
80755227
31527730
22374636
21940050
36488979
55599768
31594152
42239901
74581707
33463169
76141291
62304716
60902388
9409676
87004434
36626498
46723775
54955270
36934501
35384324
19151295
34339038
23877247
35220606
15026516
11861401
11261615
76473392
2850704
56609761
2862217
73923862
97686801
45933521
88134839
82799978
30898013
81025385
78481364
3005311
26534940
68812183
85043728
54686663
93608836
50867580
17507288
20800800
28374607
40118082
56114438
66527722
77025301
19687211
58566084
57245196
24895628
59373342
72140474
77148188
35430084
33734546
5109149
67986074
53319693
73476117
98093839
59988512
70373718
567507
56552405
25596948
78963682
83666684
73637070
52236552
28690107
58291421
64652692
67253952
74055919
1897107
40210690
56696603
84855399
20131119
22371830
69893475
27454838
88755496
81650075
64043069
82553536
79028480
88144936
97995188
32651114
97416522
93435529
41460969
67973465
49797074
22175810
94167739
42508158
28818610
90862094
66737685
73808061
10810596
98039202
63384274
47604206
40277957
70459384
57149657
90470412
31075385
13257520
78704063
5445179
36093256
30340560
89939847
91896463
71508292
84597416
12765508
77713146
27461625
24504426
98191026
50812907
66406223
55149434
49254491
81010362
36521936
91338957
60603006
69152985
41750758
35093050
36845581
93275664
93696717
44677235
68876906
8565854
69485563
5731951
76321232
88095098
2965436
29029994
26186000
43117833
77294903
85997396
1740141
49566775
41621678
43965669
96624315
35013119
52836466
4716429
30296374
37533479
53081780
39762955
1244647
29902815
58416885
17445649
68040439
78939803
82332331
93301426
38586206
47466316
68109085
81678767
54666357
10341674
76111777
45958519
16673069
76587105
32954072
94264334
59105474
48256604
80995885
57484332
60994641
12422200
62094086
31229538
73417032
14824510
15224564
50372976
77838760
16363008
4332108
1556713
10665315
10806504
29264958
68351099
82942014
77634840
91068284
97972345
2620588
14853975
51051617
86948610
81598842
65871951
64199096
82606210
96532352
73972712
47409994
84407144
13342009
14128952
67285626
9911548
52336949
23083908
49375828
35739587
40584173
87863732
12875079
76675429
98633136
25621759
26038824
54112535
92189908
4960402
18989603
18770310
10673171
42842296
56730104
44395995
16739121
78326225
98948276
1408619
48828705
1476671
38073600
40960839
30543322
2793487
1985064
71020342
93860753
6662993
24170551
27829420
55187206
19811160
82385725
10998783
45626418
69105659
35810543
10848550
42953502
83171832
53615516
8421764
28835956
62091917
70960045
69916941
50549143
23405836
93753673
37659392
26704057
79096221
74298143
69591737
97219791
39347392
42534559
64143373
5460951
33385214
152276
92890108
60994099
8198939
36799255
99256316
66875917
79666303
97943683
67006579
11425202
22515963
77065113
88807495
91319933
98882418
50413704
95941632
8350439
48859085
54057551
52655554
91307693
35148958
63208360
16061567
24583671
50366140
81115218
17005838
87751371
93587220
95964312
79760933
33885024
30828757
83452417
91234005
54690522
24879673
91217657
47717732
10598058
44695440
34239543
44643360
33740451
37941860
46964485
44074455
41784305
51433832
88689573
19790439
67715254
91729114
79031475
50389456
313051
71366996
82509723
27245123
4537716
28655699
76485454
20995004
60295854
89909060
40871978
4844541
7289868
7222175
49201525
45315869
11088534
31778360
19441353
51474637
94803607
78840422
59519511
26814141
41185564
13904525
95194464
59414855
69849465
63963658
88355084
11170220
3299540
22169380
74191174
318424
54649585
58531335
61311198
42714538
65381889
37966049
89231673
89936193
84988754
39135489
4749375
75622952
69216974
57822679
76440486
53310273
81566801
3543754
23309940
16230271
41209395
50154807
46648469
61961507
35039666
10919450
12276687
52033187
97305002
63091825
93033914
50762293
91921615
4010222
41091074
80316164
75717853
72614925
6806488
47798571
9867929
70226774
42640681
79947781
18358869
9333982
6418532
98574263
32632537
80306750
95816934
75453066
20817821
34750953
36693665
67202700
756000
17679407
73142608
48541994
90975165
83915670
63377478
97661169
43837740
2402103
17439475
77556998
42168992
42205346
73511423
13161602
29512150
89466240
6499936
8715511
54080803
43451918
53321268
54452211
60048921
9482891
37833338
95709410
362579
17067069
69377141
2265801
4172073
34141583
56245420
23969260
612074
5589974
50880417
65470701
54444443
24606012
65084703
97519443
80631262
417755
3947876
27442522
83135906
51182656
21533037
26364874
39067591
68473822
52568897
99140829
98560087
90865794
21902163
15140436
70634350
45433439
61283698
72125194
40641627
57003821
58187164
44470674
92173473
16829802
47896723
59508593
19500205
15409669
98530798
83187305
15045649
29919021
47584815
78650755
31177444
13291440
50932792
28943638
25795066
23537880
53625979
5953226
89790730
958737
2787051
70000102
31442382
69001823
85752758
85076569
45878726
25211054
52487853
4822367
51405138
65820717
75783437
44195254
24569451
11370600
77494328
97271146
77280345
712292
55753230
34645096
1528002
793717
68382714
80707943
38200964
22176385
17114741
65714312
34918249
46448821
28770686
78382004
67262461
88365439
97114260
11796100
56345222
39814983
44989284
29049288
52595547
94677599
28812012
61040531
68277164
96196960
99794708
46000072
98260652
70022731
39093806
83878795
11407399
19790231
30632022
8992653
8642259
78814930
22678623
76691063
61393774
69802746
65474448
5512717
99905665
51463169
83131954
67967704
68390213
18651191
98721299
89970318
87228872
5391826
10688142
16139714
58304699
13006570
25878042
65745732
78412455
12639794
32625994
24843618
36235630
16345529
97279578
72888744
83838462
8340136
87604119
49412815
6385738
98399863
30046407
29170115
37226711
32661523
40148631
74437614
71083320
72636398
27094401
95021599
57436938
20324174
44754100
35556429
2709892
69678078
88961776
13021943
34633117
10729082
2842872
36884892
62372485
44015480
54102191
98033901
57496679
34923294
10935737
86012296
16441776
17800324
37606581
32088158
55064155
7573494
94575329
98052567
69840719
86892971
2354660
9532841
10930364
76779308
10326819
64155173
96762129
54150434
25647690
82165540
1806071
8033349
21516171
65337700
66580283
60418028
46798189
56012432
92575105
49798417
44747611
53821627
65654492
58224752
78347479
283763
62329892
99453686
84220080
91650476
40568921
77631593
41382088
33823654
58774369
62923897
25173087
5979640
49149094
40292942
51013522
10963280
82514873
8915040
689857
41590098
70456522
37749266
52634641
51730457
55283544
76062013
26368659
1306664
79243956
94378375
4493804
58414761
90144425
89776684
48093927
50247684
37708873
71614201
22012465
94176682
21514402
16677140
41497691
92181541
52428678
30572541
92501798
55439049
54058456
59469045
29626437
87994734
92332578
67239000
82148857
29811734
3803408
43341782
34330897
12241992
65403611
87629437
12030528
97898613
95472245
49906516
76985770
19567029
99433834
47056805
26533227
2923705
32543210
94259554
63349748
39999903
29271187
54872792
18514801
40615239
86174884
75770819
78232753
16056817
36353577
18985157
97938163
62324384
71158065
91164232
42782335
45454866
3238177
46721930
37229332
17321468
28414019
17933832
59182422
83505860
18151749
21860014
66133395
68207243
83936626
98791282
81592865
61905801
85505947
48685074
58769211
39135304
55531855
15984187
12150456
6653660
35098866
97497006
88114337
31201442
46702491
97235082
87946385
30725293
13696437
36946251
20959019
43588404
8154667
1116595
3536677
92459246
48664429
84462875
61920481
37118840
99369227
49299401
14132911
1612585
39173886
71767575
97780567
77885747
45306893
63739613
58406861
37064726
69570830
71026374
15544976
44080877
90327657
33780816
52079080
67253231
29726118
49437030
59475468
42463931
7788536
11683640
30507337
53874083
21478658
2644755
5610478
83583590
24559859
50157856
99268434
99244386
78275962
49291902
4890906
93567845
61931843
6400153
82656988
95453129
66335285
39079358
42426681
86613919
35996233
66087623
70215996
73402390
43545884
59933651
19623648
62936922
52481106
10354515
46435533
3303981
61086602
71293704
14968414
96107711
60553389
31729355
99325029
77762372
90525672
39525806
35639230
18161409
5895455
85246157
41639173
27472001
2404569
92472913
86762542
49321260
23501344
26282450
40484446
37555869
34276643
78715193
84110245
18327810
21526039
17146332
13457937
23444045
31046203
24171068
86899703
30917650
6178311
89734586
44063552
70445139
12847809
9951695
18690734
92021743
51285426
13212335
73784837
96669718
60389959
66645662
16645367
94205903
31560726
88845963
46248453
93251091
60393907
46282675
93610777
63185568
44903978
54702548
30511366
13192642
44180008
5428016
54656137
70786088
43324225
59554797
82767856
87512848
83209164
97848128
37198584
63441745
47106679
56368701
29540403
46907429
46660754
83853768
6196876
71679876
78328543
44928324
36559949
89001356
90150558
2626281
11911648
76067343
92134859
60822882
25522114
51305309
76087159
64415747
91794186
96511689
14782116
24388427
23405301
51174552
27313329
78201779
53492579
35198183
34652444
52351659
53521190
24460104
56781883
58765157
87793414
12111476
15794135
53522584
14301686
27828450
18580017
95478459
45948370
32815849
17258598
19241576
88789892
59743647
66688645
54478914
99073976
21069941
85561343
30045
93058760
63462882
90448683
33664128
18083112
20647735
99784088
55602177
48267105
77790591
56405561
98052065
37588495
70714270
66355764
93802044
70935188
47259209
77342897
72328155
53329149
98815733
4448377
54314374
99302953
98334196
8212028
77090477
52198330
44308733
75930513
80525494
85676892
45572799
67931126
50113056
36542568
66802224
71798011
921575
66297762
74842921
45513261
30177873
74441842
38632605
83321373
90766213
83820388
38157794
56009397
70267103
35868450
67297811
99286577
663076
36976762
45664951
44055611
53774440
52278184
28399131
47406817
39408149
41384343
29739219
24130606
98458025
21617985
89808575
9276496
33229908
5196027
89057817
46112007
69166637
91504321
7810373
85719521
14554755
64512018
51805103
46956953
85272177
95751001
51898869
62115491
87472662
95895507
96029477
57582106
14814392
46546760
25212523
2367868
55334807
64965075
66627248
85481448
87924739
83714659
95371161
76791554
79047254
3679554
51195471
62105274
95451144
63050055
82608680
31024220
63099631
59952021
31878949
59046318
51886423
57821702
88721290
5374411
33412503
91010453
92419352
74655260
17298660
16378720
20920045
3970652
62755107
78400718
83164081
36627436
37298209
70051074
16830029
72016311
58128693
65259288
24894689
10004193
58427106
60528753
77063305
83610971
83376904
57663106
58774410
67123695
15516479
53224243
11845481
35297331
50038522
27822566
39992028
64704108
56593196
95753019
85815395
66517871
82758301
42340229
15446045
3640675
77451719
37022174
38981100
53906388
56031949
56319989
73739732
31568561
42208629
44107070
10249009
78082324
5203596
62378225
48884504
63105574
39531623
48823815
47991684
18566606
72215071
66622632
77063804
64671843
10804630
6165484
41939243
87688752
20845288
99899533
72217755
11732620
31421082
60631659
47213245
92918394
68608855
15193679
77397006
97156384
9242035
50533170
75252024
80991730
99558802
99910334
57260873
98911100
51401055
85290181
30556183
93757782
15116199
80076779
25661631
40287037
51768187
41928007
5866722
2330626
21011669
40384509
55779421
90255499
25907443
75306605
10242152
46043037
47699228
82807642
42913173
52845976
10045930
75319131
41071033
26693389
1174567
6573324
89777847
83058734
261077
89443134
8385128
75996617
66344890
510593
97863518
4255158
54366288
58538574
91373915
80354066
7850634
38571038
29635827
69627574
40141048
16913468
86283139
27424558
67931981
60972330
88435581
67594010
2840275
77818847
69777662
36866238
52365418
21866790
59713228
63833356
73178838
84785425
3469303
36289318
13793612
93981586
64829045
92132020
4710965
85946573
33515136
53061371
1635025
14947544
85954419
47213748
84578627
64766831
31083056
4472636
97758052
91079298
10410464
22493041
76396793
10565178
75287592
12370482
60657706
8800284
94278880
71368142
98259834
27573362
50098405
62977390
29116071
17001648
4047064
77088256
82658029
80737262
19057842
19554958
84648982
94853536
58605923
43612957
49518181
96201077
52195439
5491962
46190247
3075294
43348019
49688289
12608719
62718249
77097422
77319789
86087288
53163783
70503729
12988205
22103620
85756542
16462303
34096370
48720309
60736122
30248707
25862077
89025133
25493262
32802369
90700238
41391187
86750547
63139561
5864999
78258298
52413054
14088198
66914882
29664925
34862550
37494976
3826570
64837470
42127839
50546875
98570537
98710898
96991601
6146778
29682790
50537871
67544708
60938584
5848293
93969845
43682948
17460074
35671946
66643799
85333926
76310531
91449703
89845647
22573334
62979331
77156724
89426769
4637330
48363128
95159863
57571449
40588326
37358804
57781280
67364516
47723333
84429666
91869263
75124516
15525086
4903514
17378056
79488535
6539623
75734920
84650526
17292833
14933620
11324953
1908355
37652670
13727403
56016391
89950550
17890009
35932238
75105392
40216243
58422718
10594747
21259417
12828562
82956655
52407370
10160366
44139914
62258117
65805440
22533609
58223169
93726218
79733918
25952144
60183688
42446479
33401749
66148466
46696072
14541481
61720299
83045526
74763510
36656410
42433337
13899577
86842896
77537823
43709877
80587910
63403847
84964461
9163217
31338471
90357692
55372749
90748714
1622250
8634963
88403012
18831405
27724570
27173926
75717783
71438435
8375528
31443105
83288573
39496613
40106346
50470642
528818
74094428
33699604
31121932
61372279
67927483
93771288
28828564
51137550
76719472
26956282
12742369
90191395
84087607
14035834
58131891
10611230
86381643
10307107
58046121
28466042
92284393
38464728
73573616
82254463
43965152
80913674
31644546
80201721
78078178
16592797
8526624
69538155
14836227
28945871
95537051
29328692
54946703
48829423
35223918
51762323
24442782
38325208
96449022
56651714
98194022
80862280
4963675
40411538
84865292
3196458
28757009
40115821
72618880
32669375
95932305
67009816
60943328
9395811
74279778
28719228
61011045
72705962
20071659
75397390
66142312
22961395
22365218
749811
73052086
83019231
5497624
54634458
58796915
43229941
34314811
28601613
35250098
12073982
94029321
67111190
98323522
18281977
64493785
69178182
89051847
3176703
71544192
45371202
61374664
49996398
48545741
11966774
48064956
78750353
3745608
88690870
38078407
19616799
44315068
15990234
17293096
31261416
37891821
14355856
53681906
78130269
44602587
68773039
30661231
83114628
41046957
19912768
72704399
823740
93283674
23434654
66190244
48858918
42853938
72701597
25029283
66626124
42775270
18316567
24168094
25008130
65612722
35891963
61105380
14221371
44386869
26260352
33360695
89436865
28212577
18868588
3040315
26754723
67737770
90459925
46423532
71526509
41151599
58473036
76593772
65310740
14838985
63392022
75689553
37585623
41373543
36316064
68199767
34472384
42730354
22804557
49290865
79065203
20766663
34329649
82870012
19867006
83278066
71302308
46292865
52966552
60381872
67825540
18126668
323647
52964679
44320627
16441769
79209166
92869157
20778197
31692298
65975897
36410050
17132510
67868606
67127462
90736003
83102340
53451518
87683470
20163159
69264954
84526938
70839276
3054271
66199348
17288112
55892172
34267198
16462367
33796596
88592297
45639331
14835693
16460222
31332957
79514784
46331144
48838058
50275698
20447726
53504518
12041846
9800060
59629156
80149789
22050742
27725955
84038997
71857032
40517742
17466140
525121
13334371
10947618
48598176
84231681
57927240
70895300
61443327
7526150
68028189
77940186
61638588
62098529
98881617
40462008
65326536
83833068
17683178
82016736
18264225
94837164
95349274
88632346
47444117
74706093
64627469
65010812
11513897
46800204
84992404
92084195
96030057
21835235
34254476
66921048
26275465
27973684
42880740
18276678
41846116
18992552
76730997
57755044
10997798
49375922
57623844
24701802
17011453
68839699
93000071
60283171
19343393
52544564
93686809
69756635
71557894
87568271
21724947
60339661
33194731
25883743
61562439
57071754
28638338
74166994
82017609
3622199
48756477
95937519
9146583
5662608
49960234
1504017
65465868
11689721
36221415
45222070
7282920
95333272
16176021
37826489
62429157
96501784
48308781
78239123
89530031
2450383
99566898
27582962
3048761
2294021
56785792
13931587
90634296
12799594
75787080
68325068
33531442
98415070
85630456
62987658
42299145
72430904
92139147
56706408
46137323
89766516
9412305
26303904
77246714
15171676
97060452
73097801
83563190
93604614
51207183
55438147
26990987
19844414
78383790
5676607
34247069
61360576
71235162
10748621
52914666
241425
30450727
97543680
3400787
18941576
53564741
34741940
90098307
90856348
42838842
74863616
84937282
53741186
1775050
41168471
30133185
35278181
91086385
34407806
27291243
98605533
41393739
26131300
86676846
22311565
16410822
56947648
2179998
21472254
8295704
24041807
48610746
53511451
72684286
54387705
59102891
4844123
91867698
40424717
19647722
64037929
82122712
70088320
83432349
25249886
45746075
39718633
76629192
92826634
60599205
5269578
95152809
15199761
29998244
89617909
27046149
91071657
32982535
96457085
68351445
68452837
28575245
63381879
25520551
83051748
87733508
59776403
17218737
54183882
4601914
41218861
80548626
87739393
78989997
32964311
61465074
5239933
5306138
26410417
16416347
61713878
54823380
23623409
19813125
45488145
87748862
63326012
32672107
36962896
37809621
58624282
68966358
42062283
16535229
3883161
24359251
34419691
6738039
98751650
15497841
35089244
63105873
19366384
50861856
41608419
88909702
17509826
80250654
45990040
33163539
3015221
77674044
83557288
94409700
29597657
4289274
27753900
77525722
40328370
41565785
65338642
15999853
74073496
88916902
74242891
80058176
34680831
5636858
26952250
53373389
67547945
8321421
57642848
86086250
28696695
73902070
48222345
88411184
44270654
20518494
7326202
92697181
74350501
49572643
16430044
3826912
50281065
10650895
74711119
81311405
97673632
36509693
10761388
71000346
82978513
19774776
38667883
89521696
89689859
51728065
43782443
57607158
35863356
10384196
89403609
23784054
8012658
49947424
72923370
11292575
15747089
25722375
56325312
29002723
17461239
72045789
40282462
67854740
10266490
51581092
88878925
25431319
59514414
24355174
23913332
45211912
23274437
41211171
30998397
5277360
56021548
77999671
60027561
31556394
58022259
90319321
15357485
87886934
12603359
9730816
41953473
33873784
46804210
47435113
6582177
23151952
21692579
7933841
8476417
29219817
8290890
14431666
64918663
76048631
93060541
84999305
16466146
93799538
16909291
36384699
45563322
88346788
43038105
40817118
54111278
4650885
78317302
18902750
56896650
53453456
20255436
48865736
49047220
92373959
3338265
39433079
36567743
43810224
79027494
68062523
3997366
36927837
23382476
47250378
74415211
69365567
7741583
5750881
74173343
9029651
38864489
46395091
43899686
63832924
33706260
63293723
69686485
55448757
24242234
85121954
5153710
40737911
31276073
70949043
96913882
64200880
16100609
19995941
64331455
27468322
48968460
99344598
28338376
85688734
94982357
72706112
30989553
755761
64656892
79827572
72815674
94837775
3483062
47232432
44095546
24961985
69749308
40016161
61910595
67454127
31522295
42936146
69789719
5920861
37435331
23666170
79106050
24075880
26161790
68432317
38200674
22188488
8622307
72182909
26075898
63932276
93129764
84152931
7050169
86851353
82576535
78855650
7059663
46417011
95515438
70965134
70866030
44311905
62829693
1277661
74996847
59873364
7755461
34112294
3072000
9665582
96559993
46931843
46454719
78279436
82488888
65163723
87897202
92199057
55216934
15938945
51768162
36621699
28968895
62197020
10246918
5840800
51241306
73062917
72077270
23275404
52577407
49189821
21280920
4306148
28148906
53636224
1956051
88284984
42009658
20159299
75688691
99282879
65836611
61842872
7553845
32122632
88360448
79643147
64641282
9073458
14362114
82675222
76721435
557221
63371204
29312138
71837492
67989453
35301078
80802397
54390585
7507051
37259030
99662066
52262070
65967977
10320032
83673440
50087075
85837057
43874082
89386987
66097921
63598881
11906541
95120127
57516543
2364918
34455400
39111156
75480245
99295095
35428258
28235496
7578932
83836506
12563731
73017557
31391571
93341525
56649608
42494081
39710118
26496165
5213203
23843074
16755486
78563312
80305347
82008979
9572147
27573370
57254283
67848571
6584107
71007728
81857255
86726127
30272933
41425303
55252026
24659166
78748380
82492952
60793192
4842463
72364922
86690384
31675621
84310136
17129223
37814529
90118680
36776070
1189177
52123594
37079850
28646031
39185910
55685833
94882295
67148968
77377877
70769148
4108576
29849417
52559855
25492114
2975800
40315829
35675331
48726026
40028053
78573127
53662896
78933598
47968231
17370613
74698433
30999716
63168458
23748832
78938417
42244141
69658497
80168308
36810286
62974512
92653080
99557618
51309603
61539394
41053196
56983595
50460736
5337433
92994280
39138724
92707396
12446630
6276472
46547935
28167060
95848589
22896917
96699252
56767897
16681033
18834897
54202660
36997448
31808062
38947266
13959593
43162028
18704846
45995815
67322051
13709679
67901389
92920811
21138929
55574792
74724433
67981716
25569718
61917870
71555942
30945897
38328126
23812027
73268736
32799198
25497686
15553381
76946868
74137959
72346543
62376265
90752252
56199283
21218880
24501781
74040910
29336445
669640
89895424
29860836
24174589
41191017
83873275
27029603
80771081
23176440
40283817
9557202
54712934
5068868
90983307
36176530
65649343
42984266
7243802
95892826
91578708
5662902
87113446
96117003
11837900
9258886
5046684
89435576
10059065
79285388
94236710
79410640
63770982
26234442
88119059
17585518
36318
10396626
6711463
59110240
48663165
87033937
43015552
16273916
18870419
75036024
79234400
61096504
51759462
46281290
66822371
30713039
99346615
25140008
51396309
10410292
37771347
48940540
53908268
74346132
72632149
91404123
46075702
6472149
62003801
68314612
3905675
68551379
91792061
48889259
52795125
46996329
40803054
59721850
78666645
64653298
94232682
57820269
61126148
46475459
10062928
28792563
30650477
24051971
4018828
2525804
65792223
96884779
63159204
56309299
43078544
86888015
47760411
26528589
73978481
31086600
35335401
10185411
63695807
85061332
70861490
64497414
26660074
95754431
9546879
37094764
99610028
60865716
89552661
22026169
46939498
85644437
96590903
95137456
40368202
49495718
20040858
36045162
42329101
8113350
86397377
46047202
27472649
33599904
1572257
68402612
55742427
68497341
39455886
68890634
59596749
35485340
69443560
38874333
11843199
38927977
47785150
30409407
67355775
2188768
85663332
22556012
71848477
56125059
58317846
20685222
20055831
979350
57626586
7884683
26250847
93914559
18001857
38201262
23674160
96600292
41030824
60672992
57315242
17577016
50121782
99994138
89569811
89961820
73104229
69918765
60900712
60936745
3641463
65505103
83019921
39534142
77877671
77361607
22509790
53011103
24568795
12252763
54828652
47952578
20703266
48511871
64393505
10951470
26621717
60860598
71322481
18927852
14508629
1179891
79260104
94479054
12024023
1852055
1190836
83517118
10875666
51208467
7854867
40551601
86534353
37817274
531230
44709577
75350813
71415118
8089865
84663560
99257184
6654925
61245854
3869132
22161224
53906970
37112380
95682140
25242001
38413412
69121384
35823283
82985510
33862644
39269831
35456121
83245960
31696766
19389752
55515387
56000199
14300895
25066246
57786600
46245623
38665859
26803085
85444037
72441039
77896358
91434016
22683527
45829614
84367404
28638141
89784992
11541593
2514610
74143954
18599439
44343701
95849643
96491986
76612373
99617568
4384184
51607513
70034759
54531379
85739364
57828322
50977988
27026319
54278136
39869823
49891476
17187068
21922999
65331088
72246087
99816099
46127407
9825327
42307405
32936545
82894357
57734664
53052872
63678465
1991182
46519747
59297477
57844043
40391367
30433029
72767573
4573378
56728176
15502810
11581805
83243827
85315302
56275541
14794641
11080992
72808012
96139206
5308120
8727533
42851580
33070691
68322711
73612944
75452113
96403906
67550570
72744195
74561245
6352023
48545546
21972386
8661374
32292689
14443066
55143041
57225606
94271076
23412626
24666891
96674900
10385746
13319170
38670723
7176911
44329968
54506979
80534697
41727135
21267601
758114
32905006
24117141
28032261
37156645
71855949
93614518
34457399
74083771
66494960
14486812
22594017
97315535
48516800
43724497
68290470
1661792
5429311
61002936
60233109
93369625
225065
44956074
48449130
69296720
63913031
52885361
74124914
85311182
53443325
95478650
47783085
87306108
20290966
37621602
52334151
89340899
66306373
31475553
38414375
98589502
85243699
17121255
95499509
86452743
45893605
83679251
79964506
23271054
38858159
40006781
29451467
3154435
85378361
16108154
44669467
1222043
12899300
551464
3711392
68127627
33922959
48097903
37376715
26599503
11325010
60882134
45185588
82222391
9817181
25701982
93275762
8626780
18659377
65004644
44946408
52405292
5312085
34758490
68254157
84327779
18541257
44039139
76929536
69556058
17867237
94425326
93599261
94826688
3860876
66608944
50520299
60304549
90550994
81906348
60837820
92003346
4988960
70262666
98393878
11287402
18272345
31310004
81836158
47567114
13362002
24960771
54231743
69914938
83297346
3738112
54308754
71260237
67906811
16260319
44850709
52389043
34350431
2076421
36534106
37864367
24235235
89169582
5763958
10752170
20959553
81264585
78557938
98381373
34703243
85826053
26717900
41832187
22599230
6610247
30647107
37335716
34018599
41623112
35854953
40453732
14324249
30859901
23683313
62342318
16694312
37128917
84151632
80331743
66255349
65518341
80320455
19135447
93172234
18250620
40987397
9115582
18829471
16899653
40811457
951071
48754057
19541914
73815318

