8513
85006287
20529643
89821312
93270590
21700976
45551509
84919564
47557916
38466817
24101705
58827143
78597758
94961934
21059907
28827460
19299645
478240
32426826
13003134
84922878
98370181
1104368
11320465
77472897
50363306
15315070
79904162
93651180
86358298
13061559
90686963
50490216
33019747
20503747
93674043
92296560
21275676
16170240
91659580
6862826
55584534
50365782
65326046
60179372
47467779
4605281
76128209
79533629
95271013
81696563
52388307
21980479
58723269
66988110
68804765
73652379
58540557
11419219
26845815
2231725
23059897
25518552
74645087
14109095
30038316
79901701
43892309
95728176
24159585
61692968
16671987
54891220
91136110
90440280
67244375
89280170
18308249
97650445
51691917
39753718
73324209
92459730
28097774
11054388
7505474
3732969
72756486
4951192
23588335
21927563
46924369
4045513
79721842
2686413
39343860
37064010
52650885
24743365
10674661
89564547
97979061
83284446
91813945
60813156
31980567
64951328
15277020
47419234
58632801
34584879
55873507
96749433
40768762
17576876
27464403
54400584
80446377
23745519
14859982
53386688
14879348
45283674
79759435
96800583
87163835
407412
93014988
7482479
45957247
44913501
32924719
58944243
83795545
12224649
48729278
23385660
17557554
82415150
22338446
25602275
76891415
94509168
75552507
36242217
18656394
89678831
76152735
67927001
53458360
15959941
89229668
40819892
14016873
15639254
74106154
54593596
63632437
12980320
97977269
60187724
94861265
93393359
61411022
30988639
53182209
81564933
60240723
43017944
48079416
38573261
36921123
83214457
95204423
33817190
29829522
2766324
1337014
6130094
18438270
72527832
56930708
46170661
36795305
44776221
31159186
7804656
32231416
53791223
79844996
74057686
14801388
55314353
55395367
87683128
17925876
45770329
79567565
57236521
91002458
62933520
95303692
2231273
23859977
99468785
42875106
87863375
16647246
27161678
32767560
7040797
99259484
60729291
10553957
20283621
891210
32138097
68585102
78878921
25501181
74293846
85464503
31831367
34145112
8535901
54157937
60147455
31343159
27164688
40759116
58967265
74237010
23200429
63771339
98647165
90108405
68970278
23363989
61729901
40915629
83981829
90730057
71260363
37812539
49651328
59193238
14296014
2422481
30617984
68169854
18441616
62811
73833587
56619766
66130119
92843112
59224772
47798663
61033109
75747564
7690367
7865482
15447195
27854858
11424915
97387955
9799249
20808147
67273902
12866280
32301347
31256829
89499355
85503429
74153094
51911020
91527880
24070885
17020293
42604111
56918947
91101048
97642535
68367483
26095948
26103158
13694252
88315401
90326264
43956041
10991409
30088444
59501084
59709066
65181379
79755461
13215877
62016474
1614122
58744690
80902632
73387473
76042177
84588163
3358562
10641423
19025926
86653457
87228422
1339387
44637683
58631511
97485583
91241843
79402366
17688442
43162963
68006767
29808187
35792135
27269120
36556538
33807968
74835368
13683857
88416104
11542828
33043521
53660741
88822738
40487612
24354207
7660963
69552945
83716156
83433153
31741292
30026853
99150615
32956724
71048452
10425032
87641816
98404560
95705909
61825671
14945927
37097679
38830167
80077370
55898967
28166364
84150917
88619137
8646766
83265322
33298790
16787576
58508740
85067744
82138685
65872352
91243102
87279402
63046380
12446111
65341685
72029687
10264946
24255662
27600038
81648249
97630822
81279358
80739524
55699854
17250265
84074978
22084630
49797924
23178783
71265774
20358372
11123042
91449917
98328478
202047
41298860
58679195
12193548
32276326
32408703
4899162
40723281
61574553
69068596
96099014
5986066
62037009
60028844
43347509
34095297
39083242
11215780
2613836
82444134
1075690
29329319
60598559
62200302
53499937
26652135
72095924
21374916
24705718
86338376
34112996
77159133
1213589
82720477
54115908
50255341
69910783
14839683
3824551
27393426
61490145
42026496
84986455
4006907
80489736
72784631
61190519
2555030
40199917
36401416
72020872
17991732
89710208
22434951
71376920
40905547
94229256
37337574
72267427
87178722
33819533
74094456
74778998
473937
41177328
7694027
52585414
80252759
6559307
96791642
29871026
37422139
97062093
92281244
17751439
15996386
96874650
9714789
67701551
41118394
84978335
50740379
39031283
33054734
16927100
39211273
39364260
66643833
40410433
83087245
8146697
30066718
82444647
13208392
4004125
47015639
14351866
2040242
27098231
29315744
42215800
81423755
18152036
16151490
93322018
93072794
95821609
47004369
97611155
82948043
78964243
79812434
19766730
35650715
30118781
76396465
96655638
13975133
92435253
29995812
70423106
1930380
37903510
34627989
24542786
73744078
86442673
52832005
78746044
34834956
72347196
36253149
7276651
85084056
47897625
98483617
56628862
23892724
54733747
5254023
50513612
19214897
11694696
70217304
70195414
95268762
24935029
13189105
67939961
62880236
84341238
60164936
28657037
10880775
13260320
17366819
10932675
14244863
64407445
69056160
94108584
19588830
70729374
11811848
46212390
80118828
77874105
17427845
85602299
51279450
51247212
38737683
66161007
60983370
82381705
51831487
17718662
90303879
13839571
83208187
61123290
35539140
5872114
64252727
9172959
35681063
40177617
80534293
33561685
59225524
47154550
72844153
47680502
54796783
54927809
63489919
43484120
6447837
79195843
70324918
53060086
68130475
61484896
29991443
88596479
19436916
56597579
81325655
74271469
80673021
22565667
8929530
44223287
4116926
71563289
42519371
17275501
47449806
60548850
38648694
36935508
57195106
61353177
83978256
34189357
50786194
5533277
53854429
50545082
76832430
77957741
92408138
72898585
69540548
4674314
69953216
51826224
17355866
31731737
44245436
28891522
48506032
32670056
95470317
9105776
74324428
19760576
11916038
37942518
15425977
86662198
22230854
61276467
42196933
15320444
10833778
94680498
19519725
79204974
22414213
95507533
63296331
93214742
62759241
81468232
14682617
94706248
27109443
83555158
25023414
42795309
46715196
27561705
45782362
90203040
66522145
84668084
19411561
20683828
16931272
21237632
55084911
51533453
63019720
60860780
6593309
88567655
60182480
6725357
9420386
62121271
84617122
15263007
4881321
52777149
14797032
53401818
48864859
54611880
70931625
92262001
45328696
72166854
44331958
11768019
13089098
61931780
1830601
20309059
57128919
62231245
95998626
88688285
94632312
65538114
29438954
52239646
80690965
10867498
27211868
3636711
94035083
89143656
86819364
31654435
33123167
90895641
15143848
29355256
42016649
15977215
62760098
80453565
34022102
88590478
59186907
37205434
91852672
28491533
24222341
48645014
54644259
31919166
80468368
77929990
14089526
67554757
34718260
83711703
37292825
99866585
89759476
58879071
71656053
57630983
2089461
25620721
16990002
53807673
22732770
27348490
72663417
131711
79466107
99515562
33942278
23173400
85679826
31982624
77843506
86356764
92165754
70302881
62379828
67429281
652596
30762737
73854277
23285573
18601657
49409673
9458635
75657677
56350760
51821126
14880092
79467903
386397
19511484
33677065
23607716
88272828
66405009
29859603
16734535
97738612
53819085
68426029
20610703
89294819
75046125
15414531
75360299
30846320
8710423
80474342
73448875
41612967
61837227
25961307
903252
36663280
56522005
82452194
72262775
92198870
63981580
30178936
16122793
9636117
92944894
9108222
23831194
15712904
30870681
25167172
14963079
1556233
83668978
24099883
7900390
3521373
40131051
36986334
24710665
81390160
24819628
37921833
50979494
34168551
94078330
48207939
5680744
84848651
40304859
54813252
60423535
51261893
19068626
4312357
64715523
47069679
19091435
4456908
46700533
72723820
55933730
24335660
26018199
77391495
99646874
8837681
71815901
79918984
59558222
43842542
96392294
62615420
15263043
83806552
72028766
91274988
63796202
24916450
4442563
56598476
13195222
6471045
84670965
32109863
90545553
80687195
48880530
6086822
79258211
82967802
11053756
98258872
31709427
40580023
18114682
66662991
87589471
91316324
59905776
64411500
96599747
72479807
32980845
71563966
72826687
17031353
55815352
85750972
32619579
67407777
98626070
11749630
25704996
47442771
84295825
8816200
44985404
61702839
77687751
29349103
13412646
1325011
884962
50943071
89795236
93484767
33427943
30206134
69728868
76176682
2616184
13510126
29285811
9055204
29246957
47639182
21098167
59955725
87110655
82796042
59859528
50023277
68089140
63256840
37886349
13991108
86117610
67671770
77687214
86736368
38116085
55006234
5394004
71108898
14433399
94045194
79383632
89543127
42859254
29835655
26148054
3983989
3703754
19451362
7788345
3587370
59874763
89284234
66307498
72063249
55412503
75687880
85652402
59159901
109280
82163891
72715906
99108022
50683549
63585074
3667402
37184541
39328599
46985007
87612287
81806258
9315149
11572122
19126224
12970741
87977374
5449191
7033651
95950350
82199686
98137581
95160306
81810638
78043676
45114527
79503320
62052540
9150806
59844881
87057460
51649590
75847476
32406282
52301860
17924819
16097775
53435926
50819258
13756278
9106562
21122106
64433787
23693709
23784913
10542316
33030178
7725119
95453057
93826424
80689848
13773900
42377603
36569441
63951666
81919407
92227988
56878517
28387726
43815427
37159778
74131216
12908717
60958272
75977885
75331276
21376938
62200183
66918170
68132653
98090542
33277076
62372511
90560687
44816599
51776452
68930307
51571392
12568048
95954440
18728362
76951892
33385795
35107675
60968135
22816349
52365142
85016104
7203783
7875227
72209988
82568073
33124105
4525318
1353536
4119747
93785304
82564586
78028807
7118799
30543497
14131556
94257366
33597454
51998263
90032935
88638433
36465349
58450358
68118805
41532096
83709353
11079352
64173509
35771813
77320422
94590830
31252053
5718412
57168103
75301802
67991640
41981322
15214904
76109801
21144731
42556873
27267216
96159166
68101661
63925021
42493736
20628726
604224
93959423
72031105
6771451
915932
37868485
89935750
87315519
19070441
29930929
51233282
33317416
28459336
96370339
94993157
62618556
40643974
21640382
61348821
15653097
85085634
79305204
72779153
74007906
43801685
73986030
3457574
97175795
67694666
50592731
69272329
9853985
77854186
53947969
63280660
75327176
64375793
4869042
10681331
89759682
67227446
36966421
39651810
46513609
37967001
30422469
77116543
7083280
25178820
15617148
85776924
84213109
47163058
54311618
27792329
26912636
45596671
69147830
605604
29060638
43354997
95668778
87383890
71692549
71019255
97271365
6151610
91965237
28768332
11492505
99172415
43468833
44633095
64727307
78710743
17715939
32630863
35378144
23680879
45249190
61713338
91242531
18291403
33448700
87465877
81860012
56878136
25494970
41204326
73356968
54947798
77765221
46805659
8886543
60957
53205542
72347242
69238225
14988236
41163620
45091717
96135650
52563850
41641721
68920815
83642504
13352035
87522067
38152897
86988495
77136569
98165331
95141932
64601976
94565741
21488785
77735377
41706840
92077091
44421175
68640624
44249129
41954131
46308212
43115535
37296995
86745463
45480819
69506913
81355089
43778175
41755373
21054199
88773595
14541211
24970455
25387575
17287584
55414920
14934977
17338364
13760513
22268427
16580988
68068541
255759
8460352
47307807
26341437
40275799
30679167
14641645
19372821
49276249
1202137
74828447
14156298
42308114
23172887
81943968
8535426
58082167
25894320
23911812
4247006
13844913
76501892
9176025
78814481
22153702
39392271
17120311
76122990
71513497
29480337
75089548
94230534
25229544
88439815
50662403
4673541
35281584
81867982
82433082
39139836
1624514
29892323
7268373
20765178
21278809
63940438
18400943
99678012
40570891
44328759
29301183
12907339
34287515
20832099
3422542
96485416
1913048
8131077
68916800
9140977
54040080
84210989
42368750
94798492
21573860
60107255
81505585
55757465
14219585
39560099
42838213
83220990
91721577
47470983
33264377
30011441
45007264
31239148
58747412
77645644
18146043
93747318
23829485
272718
73185866
7791154
22096990
58907866
67521173
61875128
66474125
35611724
50981934
80063764
48902746
78095712
43498689
31004621
33699238
40388836
98426645
78796059
85209327
39431051
29808968
3423471
42175784
92081155
40050644
85585885
24414994
73427581
62044888
75657509
70320872
43074744
73402479
48552418
24187113
44660463
58288659
77622960
4684101
17649637
70662929
71255623
90359313
98035162
65407329
45231730
78035384
5750883
99397489
32695679
36648211
91349767
25492988
49877072
61816063
21252317
35483082
19585799
14901224
70356092
55321683
8667342
20689310
2045824
22290327
64349889
74386647
53567754
35762495
49414039
10163818
782256
50567155
31019653
6646461
34409672
26441151
65174639
78383836
98052885
39462680
74680548
42314076
19865510
25922840
43856250
89684563
64093615
62156823
17862251
39326867
26272127
17980143
74629486
80604331
22597906
91379201
35608492
13455398
55580540
79727913
41819797
63366142
90343329
47561184
5299648
32751253
99381672
17853718
85380603
2795090
225442
54803024
13712071
66119513
55196868
68917417
97831075
35170547
75060325
74378330
25691490
33730406
60718701
57758359
58316159
728657
29424363
98611865
1707438
64204789
83174594
67824496
22259981
61346089
27752153
48163893
77307177
50302294
3169363
64974500
1218113
87456588
24364367
58115684
31198759
52603668
24145824
5221309
13972391
54747303
28203582
16695265
12537190
45112080
34865880
88576153
91100811
44653634
40002945
48186127
52369437
73995857
65109252
38815729
93298395
927166
72173254
43499914
68386884
75983665
97666268
99459968
65986544
32147867
8974382
98050851
30467774
4357008
1881903
69258796
74008010
57457168
84144894
12581108
25985993
7404010
90030677
17100851
52569481
7580695
96673559
45250045
76083323
89411962
9667856
46686666
48057995
33055583
36082376
47480400
8329584
22164210
27907782
94657028
67656949
9661690
24125727
72337163
13123449
18964638
29260220
16045354
38808803
5594356
87430604
65211591
84017834
9149069
18743567
3801084
49777245
51811720
73587138
9518717
874117
14779381
46209328
48960193
75819395
63959626
15703127
79831619
37322892
17110209
72751300
2371824
47013831
51752856
89146023
9807845
28183032
64289993
1915245
83529565
11675551
86158670
82957722
58432884
66036443
35224268
56269351
47857398
97197896
54564439
44889495
29455877
63990328
52016040
97207818
38117181
53122307
59373753
7749394
15350537
62715054
23399057
59514621
92111558
69202975
7123220
26527065
61647590
44231675
60512308
95786057
27802084
58652967
71379552
90027704
97210305
30910548
40706772
58917258
13464962
29605665
47276574
93011562
49901697
878970
33441839
60245495
99405838
52712923
84209719
98584172
44668031
63804214
44155868
52076816
67675692
23299869
51853107
6276534
67894368
63011309
39801502
72919186
8760133
4042757
25004906
86236422
10039985
59983250
61630885
73243006
95468955
64534821
30168991
21651357
8094265
25026984
87378033
69743239
29617634
60347112
50026844
63762374
27668011
81472946
93910815
43168894
62802951
48314156
75598170
15607813
49187978
88930197
82273690
95814584
98858529
20210038
85861550
62549355
55902946
35650215
21715281
72692667
20437704
63384943
68620355
77335
96258634
73447713
93381990
38120285
59183010
409798
49910178
38533004
56811013
56749911
85689088
12839590
34716875
28222054
99828348
68790038
7966580
55210079
75536428
7986684
88211874
6228466
12385272
39309901
25706299
82625269
38536786
88163133
80017057
11381844
46167837
19409002
62256449
20977676
97765401
26501496
1832742
5911782
81333867
80078599
86327036
60315304
8408366
70068394
14948691
68133961
20074098
43715484
74824759
6677151
43195080
7797186
68971745
55041280
81129149
90377531
4225088
28675399
24377042
8242496
5959841
96082902
59006792
33681166
97419356
83050787
26087050
76554472
4795640
28008275
42420787
82667328
69237509
35166378
51100167
44912680
85538796
17571905
13840141
13092576
11989682
99492336
43582896
15581711
53089178
73873407
66483304
61181934
26054981
472702
35838949
34376417
77296632
6659855
71430185
83760622
62985169
43064036
61221169
9292736
1289455
73218605
78339926
15938006
20568123
36554672
78630996
61989844
38625446
34298817
27578501
32958867
58060211
58255250
41308429
38434355
25996518
2466795
38305295
37956121
39165465
44278672
70695286
42405543
92874044
11310850
7476748
13913665
36902889
10342995
64726448
23664732
34633185
97829114
98701309
45601544
37765364
56781103
25351298
99183201
41542823
45828932
57486764
10266109
48688336
86267824
61628509
87814643
89211678
9760719
78120570
48004118
20523422
41145456
60113768
2877131
21072749
24358555
17835886
67509069
34628090
32501848
2599131
26900355
84684835
84151930
2133917
46988887
12214649
19132787
26785793
93441971
77057484
48679337
63722874
39976401
86642853
98474861
34657302
30489354
29953981
55461934
37311229
21090168
3836711
60467789
39158380
25201077
88315125
94084376
41426217
50309225
7751125
45818876
12290682
7551551
22268617
82676231
95055120
61433183
20242254
27315862
96958800
56235793
62168271
73170700
49385481
86070003
72427054
26056775
42532015
87798989
38022455
61062425
55178599
46452068
16930391
9941376
48770012
11512709
93246112
1902386
62522219
99828194
3913141
94032441
23059741
51597903
10654778
21803590
2396961
64605257
46198797
63568832
90079310
96764301
80882972
19146743
57833574
39248352
75833990
97350236
75856016
50747530
60593562
90123278
18940789
99728834
15040644
74501229
55678891
36223881
15369375
11537274
26414466
87978601
88973293
55593804
18074227
78338962
8132902
48595217
84118704
19889425
80378598
55882623
36679068
43550742
38071346
96056439
93938752
33010452
72679526
62478830
51660294
84450847
42972197
88981853
62363637
83399589
34043768
61127784
90765399
85557756
27835781
69117955
41093993
34261930
92200426
15323804
33717922
13802026
48678661
55872053
59029078
82438142
78688325
42312035
42964909
24508217
58395652
73865595
1599644
20299077
18062688
92799833
10154798
13460451
41881733
9210627
85560827
91357633
64718272
94647544
13145494
31459173
54718871
30042559
68007490
45470359
727115
20301657
15929817
74538756
82884469
11851447
15263494
21463174
30497612
85539875
23799103
64451912
96108630
87906577
78465925
18331506
24253509
71110168
49061266
16537526
50885684
33688771
44165568
13729294
77266295
35872699
75808841
49480461
23007661
60871077
66372011
87169772
75000039
57640817
21874568
35933005
87996361
2883879
37997096
48136689
79480751
87621490
61671611
32534356
53847220
49687818
28507732
8386489
75055834
20577914
4622720
81133037
35418748
2601596
13824541
8919156
73378180
19854726
14599487
46399407
4531143
6275733
42524406
88615769
67459056
85662755
41559616
44862571
27938567
33740344
19349823
31912331
85896922
48649715
25257122
51943261
29891656
84150549
90831005
88197798
15148065
90458109
71782511
48809919
22838456
93840826
19233551
42006162
41097628
35964173
95043249
53520442
74790381
62473481
40079830
92908675
59766691
62385997
42410421
28750365
99748870
55296407
75456766
8194253
74835341
25137623
1539348
6904205
30736988
38955545
7609815
38609752
62132915
16040495
57143590
409898
43194034
17542885
46405400
75178829
99662434
7452688
91368135
54508363
36007539
44200010
29694075
45090999
92465068
50025494
29165369
40667001
79953928
38465186
72874378
55672077
21700983
21854048
67238255
6725729
95368191
14967209
96159675
81542557
67373603
13731519
2754315
33089127
94970251
94431102
85790360
26825649
88492295
60019584
19926643
47123616
71105525
82933920
46485115
63954476
54337609
84927465
43251936
83680377
264610
21496444
19743167
12301553
23847824
66512071
95049967
78337423
17989594
3395778
68342689
84192658
20236789
38976318
56741626
71633625
68776032
73943160
30425131
43536598
96842427
39441585
98457062
34134087
1558905
3386750
25005937
11961283
35473320
89103241
70466372
61313996
81343680
53402534
65784804
894889
75801940
46778331
37677292
22663224
4597093
18208094
10834649
46417482
98545402
15353756
58801007
39330006
70632456
45812935
75342208
50605993
7585029
81422652
24804447
89796188
11620320
49494409
9948050
40635531
59434482
28421697
55374822
49404735
4785848
17325906
14911040
10143072
24778413
8123241
86222790
42453452
80673625
39738517
17841002
53493681
21507543
38496014
77717597
47764513
3867747
97508107
56519734
49169630
73533939
11892413
44387854
63119646
99854837
95821551
48164852
81517535
63622537
41704887
59253020
26073510
18911027
94632767
80206721
99211265
4817627
17848183
4261413
67890917
13407196
26520549
11524380
26498696
39354876
5416234
41217797
50758423
31764658
98924105
51047113
41326547
34546737
7799491
58706238
19221602
11102654
77490044
96568715
34131295
34329362
57742004
5117495
15278718
47256277
60276727
34854195
95697069
96458103
2254659
20419190
52220145
92024461
52847343
33021099
19411701
53113473
72427206
29986861
87771695
55477087
384544
84857402
46774118
39543580
66578802
15222462
11533951
74075516
19356331
44802998
35092000
68817167
82092793
70750398
48368528
11108195
69242209
65153636
38669392
76409950
28184166
61669310
93861449
18360665
5931978
15881906
28689781
3193403
31916693
59209056
50072475
18775036
61401810
81048688
98836128
38830298
87165220
10402130
70515948
19728360
92141547
63455832
71959333
499447
80456031
82489586
80405720
33401898
68652709
85835233
71233894
89437345
4067983
16766334
57374937
66365812
75961757
17550957
82071504
87755643
80804990
88198870
11485348
48808051
34040494
6101666
32252030
3761432
42737283
67961503
15164364
82564512
97089488
80034830
37418476
55802451
73809998
56648732
52961681
10726929
66657401
5545896
52658985
74163042
51319010
97963022
88526441
55591227
30643079
87806230
56211231
13632072
90739788
48092257
34087549
465762
27595213
12462029
56690621
77294503
30268954
74550250
67667283
83345228
45588973
38392122
95882088
95686876
37051907
57632608
71998350
81448698
37369037
2441490
29797848
29812608
94677616
71081951
81839569
16803346
13782864
76241863
6510095
11669778
80735015
89689357
56573928
83823298
73783187
64052035
22712965
82578300
95237028
3489246
37883943
58135200
59204171
49041303
69111830
39526540
56372412
308024
91764340
71074857
84290532
99552350
50862772
38074654
48143284
20399581
7233416
51411989
77454763
37188324
6420191
97755833
55159987
21732629
77543480
52070053
23933286
92486345
87323634
47062402
297607
20196532
25278832
20333942
528032
86074658
5168708
80901742
59804665
87332038
68004031
4128634
78871778
76747537
35742824
27200386
30963136
14781022
60506638
25680899
22140093
133675
68355546
33867633
19609243
8924532
80526300
90826490
36129303
39693200
54062894
37569222
70608069
86934984
25260839
55023678
73384780
35667059
92904834
12004692
9167892
21818751
57207888
89463228
71295518
40570179
52666574
71634700
3637245
94613177
55843724
79392864
66385172
21649676
46254322
20592617
55246752
27622204
6708564
81685504
39193873
23107350
39854811
34682879
35171461
58209969
59966263
88037931
42159667
96012204
93078621
42761640
64046625
18504118
91142723
81280572
64045135
27049064
19759663
13364935
91049390
80420887
59612424
88402932
18862267
63215892
49673313
64417798
2450233
85138293
8464526
13949514
63232142
27673196
72127952
90506044
33453120
61752817
34461685
74819816
27110861
78686241
90492559
20093702
27704981
99317025
44614566
70104092
14924977
86366451
58485874
12666437
83925606
28996408
51933832
2254985
92310896
87411360
33380839
60209027
76715896
61968317
41098492
18273467
41770614
87741819
28160623
74378953
39672962
68427897
97501110
27013600
4787238
32290792
62255788
21775804
10207127
53867151
62988314
28134005
86401429
51247253
64617302
68943511
65094176
85433397
56516472
14649595
11004251
45923938
6768959
50636044
32956585
43521747
42355537
77613734
7638499
37495428
81346669
30964478
17031617
36437290
49764658
53544988
99242558
72743298
86811187
70408486
77891861
20739070
99275341
13954913
60994557
90706013
55245300
96197018
29470757
2170933
60719955
66926782
49972624
32182435
71789648
80669033
59050062
25343964
22028888
78594887
51595170
40906137
16052941
91514044
62827990
57237074
12204284
2944012
77353670
89112631
19887258
10370453
54914297
70594405
7665200
76486869
27983221
28359631
46432230
88399258
55737927
72561442
62422776
64065785
53809215
66818274
78648448
46908764
70473521
89864083
66014562
38769058
20806453
50710399
86151781
46869900
5378718
10686385
93631237
10567499
56280859
16081822
73406300
93842988
87782239
19407118
50896460
14801003
13120993
31578421
18457782
2601305
58552640
48085576
33707537
71473285
4631611
15145808
70693820
93951371
53494829
56220245
93831613
59504527
42766099
23570772
58958176
20102765
37429308
29459031
30282583
81933032
24734074
37727136
82071153
10557629
68715948
6708886
93358913
70569545
39462116
48407712
85091949
92462831
37618767
98424751
67268000
1763811
60671442
22867548
16377446
79203528
6508135
61934370
77572685
38032355
23941014
90158887
66426894
1191509
28415605
48100445
87121531
64213552
377670
86119772
92100949
6315778
10674588
8642035
53370341
12809498
70944851
84474718
77759470
66942290
93821892
36732478
34951057
52357946
77355909
91020839
76749120
62348305
8920977
95586883
7463914
8744760
40782613
87468720
33153024
21403483
15363420
99544034
15981893
78481331
53445038
41062729
99035616
76353421
37492465
56738060
81623198
68201821
1205916
25059123
80054559
80911334
87430033
55614794
51924180
41409243
56630363
52630742
94596808
47142565
64390836
70979720
24409776
58402834
86176625
63047586
32715353
80592106
30415308
93859703
35123868
66711262
14298434
76682797
30863956
95346409
36969580
63430586
46274389
12363755
69276838
80750615
43481713
82787076
21075521
57664582
46483455
32544145
50582897
39714956
89639321
7222032
38401280
2316947
86222583
79583201
40335172
1381930
71565439
82165132
94948815
22248695
52733310
35250872
21571889
40263635
29749530
5824427
64152740
88082652
85388670
21583471
92938089
79318321
81329017
95053938
29659754
96959195
585939
8323249
70196934
41119801
91832096
53969458
51772104
90967338
52367281
37759965
33828156
56119304
68614983
13300842
8952206
23963397
10469477
14324532
20198016
63503397
15503797
26794892
54765708
32650284
58276180
8497205
66696178
85972178
33781706
43222200
67113737
69832194
28195030
86244778
12005768
23741513
76232383
33896758
49721916
93195974
34042488
14424292
40983845
62700095
50303323
159367
20465389
41969715
16625344
47147209
62746943
74775746
62611261
9640065
97772439
44789162
40261729
99090810
37586355
55051689
60959345
75082819
86022364
29774161
6514667
56299428
73665936
61202524
58828134
71438385
7535178
40066184
55163509
84437594
16718315
62227159
91602559
95994526
9247452
967891
85339572
30594055
63859862
11643758
53189141
35169144
29800283
86155919
23438688
49407948
83977271
30917439
94235190
13255202
48142281
14074293
91229327
97747197
68030515
45734511
21547375
7952438
17525485
30148490
906160
93934880
59536904
93947760
84407908
41600823
73151285
21702154
43670334
20874842
12031877
20571256
2493980
19018700
73602919
81771406
6763897
41743900
19830644
51837533
19333784
86159968
3397786
80411324
98887083
12024671
33047390
10290180
65157188
64780480
96204464
21028303
68957789
8575233
39025971
43775950
99473665
21382555
36300703
38728683
1615030
95685267
77797490
22738118
92041794
63092051
3853718
58211993
72303810
27369046
26544953
16796275
72500879
17214614
76491777
44059353
99872546
10250402
67907099
93774914
99543012
19109538
317185
33825712
11532285
42564343
68233772
53624639
61752025
70156183
46445478
92889284
57677264
63140540
27205185
1087796
12490462
63265295
59685135
39157952
95567993
11659505
8076704
71863477
40442013
569328
20745328
74376882
1354954
31462784
10522815
88483183
98477356
34606547
70428647
6965522
15183582
29376548
15289559
21064120
59026553
31603623
42027796
35536798
54602565
34678819
4033128
21186083
85190157
75256641
71872626
73904857
95063454
67915345
69463523
26908827
73181964
59003928
17757872
40909505
43957674
80421460
64356702
80495894
60863871
38239347
92469998
25862582
70186847
288835
27270597
41076078
36675236
65863341
15980115
23407953
17426537
39803633
45832990
24314148
27367928
92336461
45783558
78092258
5751710
20318300
4045562
72148541
7844124
78163110
15490251
99127270
60901708
9888471
27383723
98411824
21302668
61427940
45406130
81996936
15562290
43474119
97752232
82730425
38105632
12910039
39057617
97330093
96703817
33491852
78520871
45319639
91244612
66549747
10101389
20701521
51395610
17591176
46124682
73798518
58818239
32458941
32455540
5371598
95906678
19503139
80139673
48520419
15081163
30313530
23739082
40260699
88801022
38408713
96406846
45664393
26280461
95147768
37497096
93962479
56980673
72649439
41388355
15338013
57110319
13898380
3823004
13300552
8964309
15470963
64421721
5482181
90197824
27862475
21274724
66582600
735269
70628912
77852083
59211646
73298206
36498332
28213905
61492683
69264396
3849875
68432160
40448108
28198525
31702266
11828252
38708106
89364767
50662161
97095536
1987965
99473050
14556961
6474393
79414310
33849516
27024379
8389579
37521597
29565896
38270193
19295564
19981318
52150070
12898514
45356942
55294220
42210568
56391444
20178848
61651220
84936686
47234925
44011177
99950780
48944350
77334140
13241701
21230974
46694616
73276801
39646410
55755809
85011771
791676
50873315
29313699
9980774
27725886
66085626
53446105
13500867
44968555
53331164
69779925
65128213
28792013
29803471
32715213
66331571
88565715
98875657
60596687
41269731
79640225
39346338
45124380
36705847
646817
97912419
39417242
70395284
39212159
59141395
89078938
17886342
74300969
72968810
59584389
37523086
46194675
85893534
12011998
78068059
95528406
95939732
95346116
59370950
43845685
3721764
64129652
59433838
2179723
33644017
91985090
52665437
2906205
16740889
24834689
6470326
89380420
50840219
69558516
59178843
33885740
42862569
72267883
20033246
99713434
68120399
55039477
68995238
54774264
5152219
2395697
6263122
23549907
76068167
17891382
42214561
64110593
17429404
87989302
1036954
12494037
19839609
97626155
21770066
13768561
61041874
85962832
98383305
46869968
18429149
89154520
69410612
88628008
10258016
7783152
79210532
41018051
41111048
16019182
96800710
14488856
73741213
58595017
63826526
59762450
77824533
52059287
64668945
60722522
25488617
58244565
51953368
89987739
93306596
30364529
13091229
73932387
66157008
76978489
85287707
88975665
82177031
25771840
23406232
83615557
73736783
17727383
91382795
9295827
25914071
84568112
62850694
67524445
96563233
6272656
95695400
48102821
48734784
70430071
40670956
95431255
90302123
34707543
90308107
93296411
91397188
29519157
45706398
45541473
29527489
13068143
81039852
45443343
6060405
23360137
89967915
80429027
32144069
26972286
85232308
17275874
46697395
4565188
15568135
36824901
45706904
61067237
20635617
16421261
10716100
6334219
57710562
43084425
10920514
38556179
61731504
86786227
62813321
81993948
73739818
19730986
4064775
62849478
14875179
5291956
25151630
65656240
25314769
61425188
14571532
95488699
96372229
6453988
16163076
71254232
31258111
19442773
45263912
14032125
20985260
88131602
21374297
46514139
79086665
64684809
16816637
23121857
20772047
60541202
56216983
23588913
51946408
10109106
16813764
7047300
16952249
49982961
83476706
4345361
90712508
81200453
76876304
72750545
88307117
67890764
31140124
58728379
78062412
67031901
28615212
88999023
50939827
65349993
82961000
10015519
60690743
22068923
3979485
99303783
8773295
40674757
13819731
29452908
35770166
61546848
11827505
53479098
75035640
64383668
61039277
57733319
45865723
82854523
76337071
50790460
26237581
8664278
97893905
38784577
85144997
16252521
42490966
81094758
68248485
17699718
46721539
25771662
33697563
3840267
95042949
40081498
32850306
79583709
70552949
77326832
948278
10208950
43897514
16795987
91475573
16245893
19186615
43380544
84428409
87536552
93509847
34643104
59651614
99585615
45670292
33821798
20559155
82318785
25025006
94742585
81944911
11101450
35574595
86346033
16695970
32782969
77927415
8522882
28326182
14331552
65508977
6146019
18301699
11379705
17239086
87792681
28493188
72342325
94995050
9852473
39159025
44438436
99968343
45501113
14098882
46480870
80701206
92760251
58183101
86715966
37817185
36133494
30435736
45589943
54694912
18966802
60744435
2177252
41732856
62915379
41402263
60997324
25303427
82707749
23402724
37939578
49219709
30629958
58884739
51499863
8244856
62418049
72711541
30631600
6786232
20638956
43838591
97775883
95651048
82374358
24839747
94990843
18841025
22995286
82198989
24896611
45817958
56253058
38298282
40393029
68898396
86541972
81288073
97135864
47568707
61815374
96389317
22353247
62455127
44887129
76407538
33753907
72493696
91603800
23873435
13749836
51216932
46615411
97958857
23411419
72168888
197217
729848
57838344
22928453
56801469
97719325
45080742
78091449
43149205
24868506
83229489
51357958
72866457
77048899
5766664
81422444
1004192
63238525
31441566
26586068
61707855
61991663
85991067
63156684
18841792
27489411
93639017
37815248
91670780
86704382
83733695
10423080
71628240
64987360
54454220
80531207
57880173
71443387
18929613
30822779
62675772
22577685
64807831
18794634
99182240
21880585
23777747
73309666
37503396
40455377
37085631
41225564
84809103
35012825
31101520
6400240
79233064
43528485
26899860
72854659
99064312
58647093
96470344
82798614
45071352
40578118
44113127
8538297
87406087
73458771
74347663
3249799
21748485
60828960
31185771
42711196
88908496
97240584
65000233
87604419
49568782
39630662
38562820
50907103
15357725
32529412
89682389
46484174
31345401
78128959
98770307
45859728
5911668
49341204
26488198
64290412
66359864
34009501
73294760
70184566
24853981
42618525
85892068
51650271
88668465
83197393
8409775
76955769
35644621
78691281
390371
19889878
66312348
55712488
53405013
6073935
66177113
2975669
58418511
39887698
53827312
74485264
68426159
44475434
63777949
23024412
96910203
95346505
79191850
13746700
97134758
56305986
70603265
46802954
26325521
52471188
36641267
83038803
21161251
28605357
40159726
51139013
92911269
20157737
66229845
9546792
97921174
9002215
76372215
65270778
14496408
9064521
64157955
42143781
10087225
94554728
31507161
76671453
31808504
37979116
10224164
28300455
85448574
55715820
12916648
62042635
62981870
14943564
77078339
15983010
92368617
93250872
88925128
12497273
44150396
95831577
96367435
46185629
93248614
43953500
93475354
26218010
21718701
58873850
70623729
66926292
26318928
61967036
46894546
86016664
43746527
25265703
15093105
31022724
46353203
82485584
18030239
48804912
89680165
30785227
31539308
33759770
57750160
25401699
78484762
6223722
41049708
10268334
69290223
26016709
57235198
75788219
2886507
94073447
61253225
58590061
75644901
66815060
74249686
44642805
16015722
79257288
5166322
69501483
36201304
95308938
44292570
83974573
82061442
38948008
84446167
72712281
58487046
28853530
86159378
61269702
24986867
36946724
28908730
10395067
69977217
75515430
1181523
11575261
90052507
5677482
21627373
72783223
50809240
18057931
14224356
11349452
8776915
1516097
72005139
7458976
8958106
39918385
69583721
968388
80409674
78176955
24368056
53704083
62766663
85905387
693236
43875882
31547142
65425808
13210769
62883341
18357863
58838764
94216304
86065934
55033729
84296157
82184170
38735591
34511474
27041805
60659563
16195773
69798353
51032499
87312205
1083424
47407102
35801300
38707761
61886531
21026259
19186015
58486876
9202652
55035713
7868979
57427586
98867775
86139693
50728306
36120372
13404993
8423705
31381678
27069874
52719645
5583217
25407963
43155012
54678709
38246137
98192684
78678913
58934019
11960777
50784088
85556001
10247051
91282443
10772208
56362797
42219430
5335078
49903084
36097834
34608827
70275098
90544814
5364909
61804834
15732826
99287111
99865748
92485705
5268397
4004985
24371572
21194339
12041194
26167717
10644920
74289294
13845172
52153662
3345923
353039
67260422
86307920
54450958
29217484
40378916
24679783
50448831
5250098
84546137
5424424
99171526
36924254
30951041
4478935
28815877
44928563
55995088
24889607
4286620
84523544
18682451
64716917
63477215
60044657
49725398
51717948
65349180
52503221
83416742
67829170
43413413
90749467
5881077
60388799
59057097
7858544
20520050
79586119
31362218
91608810
91282817
20568737
21683638
13542945
89271588
81091997
96653826
81385560
60790405
88078019
4011128
32503106
57329713
55904980
83118630
6933149
50786172
42261610
38069448
64156753
26827900
34721696
7873179
49696807
43863190
60216918
943089
34904982
61181733
26187485
3798893
91273287
11392385
23330424
78673969
9427587
28643409
81834979
31262372
28768781
19038848
29024043
16395277
2704255
21045244
50174465
81926608
25162750
44153236
30280480
58495466
29759672
13379108
41162556
42627335
33961738
25047088
37173516
55406846
67327704
42307026
30077403
45233754
44264706
3756770
69269182
80777466
33999846
4761620
59744846
70046550
32398317
55532192
21648146
17028901
78881923
1146327
15149956
35523123
17745418
16176861
31639970
69705513
46551110
6719817
12798895
71060409
79174377
1149012
81956572
32278409
45737863
77884439
24698759
64492330
31441020
48245978
89121726
1448166
84793891
87741585
36135340
44667770
1401807
93730623
75448574
48831488
65044240
42648334
98799486
22988204
269902
46161753
75170994
8588387
72012804
73996012
55806782
75302358
43748956
74486750
3933494
82213537
69404847
12040052
81783591
40258435
38842419
67067757
56437536
47363445
64960014
59127333
66021881
56893358
72934280
65955702
29204639
44797400
78717795
57918724
43185154
27687927
24598002
15042367
74758447
76753101
555729
56464270
96681783
58280281
69025868
52778986
55443757
31810390
1889072
81351335
10761362
50258965
79824993
9166022
86878950
63193002
37635262
85428482
19404998
78167533
58991080
11593802
8692516
59206994
11905730
76603517
45888643
17076605
99572028
30596560
4585975
31347868
19591828
33024315
14071811
57911197
25075709
49043195
91138408
96850812
56553170
31432881
84127984
84255229
24383939
7366687
15112796
95556737
93778670
89995925
33023987
67950317
45330372
76520276
31438890
97028802
15965719
10155624
42761299
34500328
36200272
56284293
75172482
41994047
39616112
72341149
59811752
35144490
20326638
35785484
57469983
3037310
69228266
40585901
33699916
6289051
83153720
5087623
73986638
18562363
902970
20016151
5376347
51908011
69656860
12046451
31315804
79316758
73988653
10444248
44192504
61556513
91060848
80016915
95712273
80692974
41122050
38027883
36872555
83725769
65303243
744461
15346590
20192935
85128452
17876307
60147793
4811971
68282722
59533601
23015973
80266462
99767541
85893592
5965382
89210489
38782838
23705670
66797660
18905973
21597744
24427556
70514271
88032310
28758543
50479493
54173708
49025762
14935665
40809135
33223974
18746266
74353709
99978788
12653384
74316101
71411843
31367119
83752183
37944584
96257464
53783523
9822298
13078823
73821589
75273779
58535570
47907109
73299471
36079366
17195729
62602293
94637554
35471298
34815088
34915009
46499210
29550384
60766321
74901387
47080300
21413692
86946083
18823154
61724192
49850599
97955375
1987532
97081752
66809566
2216427
57549567
52513153
70648265
99607243
10547510
28722580
4065132
80757132
76828042
28023735
84087897
2116176
16603946
99418578
73855525
28842443
16613857
44312934
54933564
51817360
92193728
84581408
81430433
52069003
7661358
4892953
44765462
70637072
94692804
6042268
42346688
79882949
1401624
20731607
33235902
27617006
88509246
66594862
29262391
27342819
53535810
58270889
83848703
93743600
64851770
23076737
32363542
29084547
73894803
12802899
26448082
88685378
49285074
95018843
97833869
98922993
39379151
1498604
15098375
31503169
34768441
25728348
77017922
80250092
36544506
95863479
54224170
42635527
91949081
76163417
34176398
30848992
33314328
86331586
53580842
30541979
59917287
41083189
76494212
51397022
22393683
79161066
4756856
91583853
80227362
25820153
57082644
64182921
85562453
98381416
6724701
94884283
95675151
39989832
2605404
57521198
84112214
43023949
65799139
92817592
50614531
83295149
29715046
22741128
27212598
66286885
7451448
7625542
81253620
94269183
28695062
78668193
73876846
24282577
83471154
9657475
40001245
36407915
35754634
18669634
28997199
86907990
61800415
70163936
81636282
95126031
80560181
88965700
97901588
56005203
86495568
89468490
58358530
7971921
56883821
92341522
42751340
58722571
65029090
84511573
87409189
29104796
85518503
52692344
29941622
27439822
32870873
67237498
56904743
6266195
77333107
26716602
69635637
77031311
93371460
81446974
8393769
46416436
52264037
99027346
40870242
75667589
56529120
85240311
83994249
94586864
68106202
41621030
26053311
43703769
96099864
47597837
41631018
80638650
4283472
23218264
93600849
11743938
88055332
2406320
6483704
35904287
93425380
74397437
63616527
16879707
47563255
7894991
24687935
67155096
39762375
4779564
11710718
9422393
29440296
86702195
2857277
16087814
93042821
10994375
86959428
55020124
10141991
94702491
97552920
38393068
48879597
85519758
65388285
50349754
24644693
94891871
24582089
32174310
85613837
94204258
71701257
22260744
80431385
76661108
41146401
54316562
94092449
65201573
47857262
6819699
90140247
12535616
42472972
95463288
57381997
20745897
83940065
68498110
1386111
50232350
98919312
60718896
37220614
58890487
75432320
72139799
86107862
91929579
32975037
53644511
32838816
99754256
33911354
71221778
85803733
75400770
53786504
46640988
49511317
70305696
33506643
13830231
24855385
41025021
37951439
24752426
60975
53508068
61934430
59652128
64104904
60287890
18960025
67147795
24075890
29840571
91977578
75416895
16402535
95988218
27044006
6048614
25188800
71443453
92713054
53035567
30849110
26900710
54928655
33589132
50603918
93014903
9564595
51641264
49195371
46771724
77627801
18258742
31998920
53105800
56750072
17096258
46673687
26409231
95107823
42326371
51698107
36767626
50874025
34225247
58875557
29389943
32022480
59610853
60623713
20686245
57553791
64114719
95171930
48473963
15366194
42655941
24515046
93475054
58273997
34709437
94814744
36705444
88987463
72069173
70395437
65598740
75705957
8401518
38180370
52237917
7512153
41177454
93018021
82273220
42420363
72030449
12539747
83201446
64620991
42852089
84222968
61868913
45224932
91107219
83189422
52761357
17168934
29052416
5167843
61477554
26898848
25769310
85770655
90757581
33856231
48280228
52853921
14876302
15769373
13532540
68899822
23791731
20246309
98978958
24102415
50455714
18797390
53899176
38330576
53081622
50390426
28523396
91955736
4807690
66255290
52619173
96645914
14821200
89670059
23835598
86220221
12559246
59926781
7670269
29469598
24675840
50591454
91929299
14986100
8774579
67141078
44770647
29080124
92536020
67706290
54354143
62814403
12086677
19301741
90210781
35098641
2112275
59436683
73810748
64367849
51049835
46466403
83049268
92160373
42153033
43905768
55520965
74940177
14442096
18535852
32892905
57833721
45229692
43782718
46810817
63365095
14730620
9889513
78483993
42304781
67155156
89776437
27148910
43366316
94304055
25320899
34375433
52361700
72661341
44935980
22636827
60942714
82282625
25680730
73191485
17647953
56402785
9411613
56657680
86557029
56030893
21778109
77648505
24246650
92929042
37797525
72120498
49808400
624337
8183504
7459875
49258131
88296067
90570258
24605373
30529920
36937275
79871653
38875573
34819168
3487569
46796691
49764523
41503777
9887209
6173289
96932988
88826133
8079510
88947254
80858244
20336935
29151562
13498885
31961480
81867500
79218241
82490769
91891557
90428572
99169262
98873206
57114111
69233680
51883398
95072972
49564192
79280220
64780620
41154958
7906327
30630353
52240527
51378423
14686423
71956667
47295141
16974686
62804285
53941006
32970542
86493890
20657546
56280721
15137878
57718709
91918609
31808559
64094033
72692860
27192166
92809596
45540296
97838095
49644976
77625706
34042435
50631608
58400733
13767031
31816453
96768491
44282880
34397720
47243708
25214434
46393600
97160628
87592365
72167736
50758888
43090624
52205194
59671981
8306408
433224
60424648
61571240
30180693
13440738
98657787
2219735
96353435
22795184
54660767
29673521
96129210
45702192
78361942
43363404
87959585
86165069
65315183
77604931
72969455
2636858
96700709
59575875
53819490
83629708
10197218
46717790
84442040
3349792
66754744
53497252
10226583
92771698
40800564
55583801
27514118
30569387
44378653
91684751
92813736
65502340
31696047
39517473
65509834
30321884
96356714
52714805
19351204
87334752
88427697
31576911
62242680
74143827
92649840
29684672
15756021
67445655
80736547
5665415
54539969
45529760
7476566
46577456
63559883
59977866
62745153
41180505
44296178
73315472
50503104
58025207
80475155
78716122
9496214
7247930
82065810
20757828
84464382
78851786
74329369
82499564
56502810
76635517
11038464
60175205
47356345
87614534
48272830
28515735
64572731
84116049
12364927
84088509
24309615
42784953
81058748
37837883
7819890
176809
22009927
51520516
58870538
4426812
25458795
41607945
9644427
20703509
81297215
38877903
15963698
54508856
31010413
9365561
42052918
42343986
68057811
19916649
95948146
9434393
47917984
15466798
2817410
20852613
97820276
70465442
54080330
23594652
36494226
35389253
11765264
47856836
89127784
75939151
34101204
16682370
37795145
20212283
23593265
11807495
73051519
73489662
55821319
35043983
41491049
73528025
12495815
28042634
15006367
66195736
56581228
10025109
5076185
80372750
70878264
45042610
58886746
87366801
87988437
41003968
29608599
63000936
36761248
19863869
98342553
58440393
637050
79253381
80110171
95277819
9367982
89764087
60191258
37463515
26055901
44636385
20022337
9344449
92109667
44442360
14924653
30539919
13387312
12634560
44658156
18139488
83577433
29476004
15547794
3350558
86650328
26242475
48320222
57245033
17269954
55596799
44596082
35628394
27643913
64550305
31017377
46713908
5914289
42397993
65981194
74442371
46148086
77681679
93709623
5707886
63463933
3226707
57456351
45223043
52337374
18319328
92252042
15045870
60959189
91389904
7096969
85326508
64919182
42787244
7656030
98551569
47703768
26899468
34054361
39164335
6357785
58670457
60447849
64793424
27037249
24695669
4161856
57538331
67180412
5857185
30134712
49034915
89074535
67700231
23819287
37271776
17394799
97986223
86862492
94980240
65826936
83816881
62421957
50300852
87330513
61302333
63643818
24565186
67014566
52684133
87053212
48041500
65596384
8782844
22844621
42950912
29869436
72225500
70604078
68863889
49180337
78677020
76124010
63466105
32710089
20821301
91863891
91858734
21978723
93487512
64144892
39387628
67786653
8525795
17893771
80991062
76424171
87500912
49013436
12658716
26832938
87183408
37767667
61900248
68361566
26648929
62332191
92598048
47308973
66242798
42666129
31467427
68253317
7307986
18752823
74784942
49380387
95569012
84595
35071142
51844137
18419657
39394742
83840940
46477171
35325801
48838211
73151568
90735870
82242431
50140172
9074868
46456828
92045578
9896051
88368159
29546323
84116250
95438735
78307102
88080148
34907098
21935877
2076033
99936325
95467032
25193538
3591372
30647088
77625181
11935783
18802375
27909805
13239323
40655130
80438031
96757274
22171385
37965874
91176581
53842689
65138457
29664164
50773666
27187135
8253579
99253244
30663079
42875207
21772836
80628350
34682083
67288020
53658217
87010668
40025914
49644376
74562928
92653984
99332880
14600262
58049410
68325999
49178759
42383308
44360931
70015987
55824063
52461148
59502143
6208922
11235085
17300705
96243966
17150371
79965988
15967074
9113999
97110123
40130252
52258784
65245244
2140158
38598397
47474320
2632313
13291472
64753593
86912169
53716689
78146416
87283973
36360466
75377378
99723963
41570591
25808685
81133656
45822281
61121673
59356579
3687710
54685987
70339749
26139813
65477502
44933740
93385991
75288427
2589217
56765046
97465519
40743218
96655712
28501828
29462360
89743797
90475985
96039553
89831351
15887838
23502772
51658268
46889154
32491407
6812845
96624890
69867676
73546646
20572829
7251570
63547689
34728909
74597001
89134005
4310608
18526392
64126419
96699963
89022073
41851888
95698157
35048518
46412037
3520576
89637785
86292613
53066700
16390060
98228448
66481484
84484969
28368206
52840874
14524350
33190784
77715624
89413770
19750513
59580885
65348381
34188295
66524536
74472557
42952055
26640149
82554777
4772100
57562027
90629616
39028967
99015855
44230294
54095529
94462511
54290221
39471707
18000493
32070202
81978906
90852259
86022574
29792920
50498423
72330218
71208302
74730867
71231821
42688879
98408411
17832152
4751731
86519001
55981100
62467470
69129618
57418433
4424506
58000610
36236844
4537273
26096331
98952863
70105484
78929119
4901632
77350438
85786765
86708883
50985158
17455844
61067625
50971843
42676281
716669
7637648
18306538
55610691
11666302
39107571
60722081
97772331
39463295
51429477
8473666
8174292
14160282
22550179
31829026
36784145
20112014
57154586
10410202
38394006
31057187
49387954
31144425
47808974
30819375
43938253
16914626
29560755
63772961
10489853
7165028
44612387
18063373
85383651
42115271
46337921
32662432
65958327
32714216
57971836
32327827
38594808
10969107
58769441
59794602
55301284
44141528
46787101
71791705
73256812
28881819
98710688
73157732
14638617
51687537
57742214
78570300
89355819
30349790
60486723
37077719
76036626
72363529
56256811
40608329
51869404
68272658
12067774
72897777
52449781
51663286
43134235
51587895
11613790
57913809
48671194
86254675
49030110
71218813
27574134
51165854
40517245
27282171
10409764
28897251
25864358
40644877
15137282
26021916
27955559
43139998
60354191
73889730
3725878
53578049
75203184
29301318
3268729
63720105
30535905
52945436
20903526
73819466
36081807
12726685
34987251
4790013
65647240
90845457
59793805
33509261
45923402
13178673
11538314
18703214
50778745
75451801
24747498
92045547
26168722
76541597
47796717
46495797
48372983
97890935
68563388
98513457
74943430
66979978
52434640
93677788
26537532
29169615
23937078
24006535
40375976
66870359
45644199
8559724
66458653
51758710
75626646
7486922
96815638
56986908
2631616
96690860
90533021
138536
85777038
1547373
33383536
651373
98300221
1471538
39895714
96949068
52061271
89617189
94640710
18590855
84654147
41052893
51891074
59806169
16120477
55292839
19000101
52612682
65871856
59091720
18468548
73013334
11409968
47549148
16293573
35962641
89599324
94383655
84837920
22850855
56122594
95208770
91458953
45310397
31028185
12945698
80362650
97616853
57034508
97758683
18478203
13605098
45784614
83932895
49367342
89604674
1094793
53904151
5151713
10685043
62679399
82161252
41645210
32446571
49743482
48634314
91603047
11217764
10768392
13907106
13382799
24877014
41641711
60355901
2629700
52581093
36330955
54195469
97969201
5659871
74644938
27023118
87195952
18518010
19739434
69865421
6945618
89053898
5435906
8943188
72397871
11762984
9536876
90654164
612845
30455726
93469428
50434838
58162192
28276981
50312258
58726756
47273940
24926814
91913288
71079755
4322599
21434551
54316984
29886246
63148014
44423859
93446213
44842067
66534151
69659238
85600873
52503200
74666951
27072274
13360844
42596352
21627301
41496454
76277415
27847669
85713259
97401766
33523882
4941526
81436272
69134053
3256235
46712025
7854084
27391720
99230027
13129139
36276289
8098186
19628474
23743105
24668948
22850055
42676994
792505
51523341
16882446
71917807
53566323
15222389
534774
65800076
25359439
44405832
68786603
34816269
71557764
44774563
4668602
73951632
13422833
79559342
40712381
86775097
84148255
52275747
82554339
92524501
82503301
10913725
20942745
93886396
15965073
62200215
43640884
22397981
21320887
91449783
91190207
98273137
25966351
63238072
23827995
66833444
40632060
59113165
95688351
58331521
50520947
46004953
92203174
44715752
79134038
51872682
13593738
38063406
50701304
63368781
88588777
81592558
81936584
71149561
58769637
46295086
30903697
75180951
38837599
18269971
29121567
38074163
9814382
339010
31475019
95852061
70718688
11907847
28977624
508479
74241075
49536664
8220280
20667974
75663626
68243158
14885852
78411512
301504
40198480
12249757
29497342
89593826
17397035
10376143
35127861
45729168
59073395
17501695
42217515
88567939
19460737
65353970
61709994
30153790
56395884
6709483
18810958
48349176
94255975
52816431
13483115
13023315
17083523
17218276
42925144
86254527
33259697
58376103
3321332
59726281
34209485
39458554
95562600
70638290
20049863
20979573
21251436
7393138
58299331
94085351
69720597
35790563
848516
14580039
38465848
79114479
65742083
50671088
62549891
56514654
67300781
64621633
29827073
49698426
11682521
23607859
94186940
4452741
31170833
11952629
80253276
69753595
160215
55022124
64060390
58249317
21288099
48778711
40923114
21689779
44080553
44273391
3617340
51672998
94456264
17084938
49397025
17188098
42744920
50821631
50128578
14214510
40981597
91330583
43676298
95921258
61038488
49358729
68661093
88271612
54364541
41084300
78373101
93814630
19566177
51526894
86369983
94033088
35309292
35648783
78718680
52488520
24429480
35062893
8317061
94896461
88443242
4749281
85950649
83851358
57295162
7418277
92718059
8453359
22755034
69327584
70736724
35343298
22605891
33979940
46386368
72101693
37263476
74385988
59285629
70622262
50667267
3216477
60330209
30215458
43231024
15418705
2915203
71480986
62763561
61095894
29599637
37567134
35515053
89134350
13619734
81999600
75754404
34557802
790368
3699227
60159761
50077656
89058415
26848056
51803767
39921067
51758182
41562018
30727916
36101377
75227051
62645941
40137045
61542602
11763740
54454922
92329721
39525800
5461723
59643195
36407661
38507078
29469575
73908215
31196961
30781526
91016422
29838422
50973202
16511352
78767312
13966053
56621381
5180979
73857462
66283735
67792375
24999848
34813992
36798936
92519461
92909888
12365536
6231527
50548522
51442198
37693779
79455834
80749026
27307523
40011539
29723572
44357789
22094526
34289106
88180834
99957452
52683810
10325794
55324842
73668210
4307775
67401450
76869915
53463067
90184357
2898028
79310050
69644141
98278218
68765204
58369588
95199149
38155650
68980831
87445283
7035411
42324358
24887038
89810680
60073497
34439278
32426037
29819076
13917425
98721787
1682845
42473394
75230021
9052020
26727827
88370877
39505084
7668975
7721340
21407271
80403758
80122165
54263463
93260712
34001609
23860228
8573475
34669797
27209842
86379417
84802280
78354444
81621853
62390094
31573099
84891419
59106635
60748109
77209147
82407685
54889971
15639098
73619551
73212985
38389655
88006595
71376006
30430082
14840500
22442003
86389173
45260661
91604522
15703690
1201515
54602227
45791741
19134650
54586523
65060925
26583840
18000304
3703147
22532490
52699113
40197494
95678055
81775938
31938863
73042338
47885838
63281421
64302193
32151177
76513107
85758975
2848665
9057311
52751751
72514580
46111899
45671660
36509375
98395340
45631502
95161245
75912590
21891147
43277501
35791020
28833714
57997999
79070790
39857904
81780797
321099
22047998
1911946
14800295
25036747
50089352
47921706
89930007
6211184
5133010
77414745
95295757
10851948
16857376
63849294
8836850
50827862
26151752
75908541
82540847
62253746
63640800
73841660
7720943
4962626
44460816
33511489
54668155
50332926
22887520
92655648
37831861
40808806
32580604
83653709
21978869
33039421
59561509
27788394
32075848
49545407
71957569
50547500
9074912
52082469
41005842
15609986
85709589
27323232
32733945
84671006
61500193
87088122
75382668
34127924
94466653
23904815
73365450
10787749
97255985
32241684
38273054
82798657
24114232
89672831
41723359
71087346
82285600
67284711
19723675
91720931
56918060
91611505
41463815
39621297
62996155
56406981
25428716
19276504
74449366
56691629
14540358
51242882
94664616
19003575
90695801
83612216
29492151
58229180
70937985
31366475
42851810
96327503
63140950
25699211
595340
12434081
71550319
65141379
70377374
58503188
152124
93846155
20705609
16591915
83930584
72052856
9438595
73046067
10559141
99014265
17507164
42531842
8706488
9452664
24922016
6387169
59548767
81421646
16293449
38764706
27357990
25308495
67885625
36372107
66141532
91682825
68840298
82763065
10501222
5265233
62735192
23384914
47003752
70447548
86923248
97937222
76585662
66104057
61840500
55780086
18225842
95842308
81609485
46124274
29843175
16814029
11501155
10965589
8039259
541142
98017584
42648062
83695849
60302514
1843680
30355546
69135370
69510563
716419
25115719
26377398
76884280
76726512
36880718
17410599
67047534
23570997
49456774
43829229
18748928
2300255
74843607
36738464
33422470
44482978
87059246
66248626
74204701
34688135
69003984
96882153
22534733
4440058
9610808
77348797
78510877
2541013
33317441
45673199
70772192
39850818
47268129
39168892
3251683
56923584
14530038
77794642
32887562
47729521
12246492
44545822
62207331
83543895
20307907
51050232
76953892
4097882
53626070
18014796
64063879
57497738
84933861
50749508
14142207
81665567
4112714
16190471
59007818
3441501
6732485
22199260
13482421
6245390
5223784
55569716
1319656
92714367
58309470
51208547
81873606
69934228
49488596
46449629
80824251
10942
93674460
77625258
41931165
47035673
55949437
96720053
14767148
72821251
29179212
64929458
65877040
37822364
35084502
83407079
4047707
78122891
15714408
68055964
63683588
96490287
66986257
53079660
29322647
60369810
28001419
2001463
56410601
45661258
74965938
57179489
3764391
4376751
38588637
20536087
69424377
45166895
42858608
56076420
86950398
96231492
29179674
16813801
69195650
16223899
20832214
469214
63933156
99523080
50525038
48349766
62187885
48318129
18557271
8300304
77538897
59625306
28725816
75246272
97600843
55742484
70830762
71867028
3634381
41591796
43114317
40641179
24283753
4611608
99259786
49011317
63761706
53539022
22787106
47595064
74720808
7056341
2491712
60596025
16100653
26997004
24482844
18668664
21091253
15050884
63398597
96727711
25306044
86082870
76775168
95250908
40281117
35477059
23243371
78476111
23114984
46479628
64713045
3286644
90008042
61864938
90324662
83443851
47265243
85777757
18517739
27092292
78504613
60163878
78663277
1025900
60296835
89603039
68729215
58388598
38515329
31046045
53727516
51718961
78863960
90845342
64882422
1146814
53411630
25682698
97870817
26929451
56907619
9108196
19883501
15014600
1057056
4240126
1723464
65765725
34739205
7033075
11460050
91412611
54532848
25847113
45922029
64912130
61362367
13244054
15282914
31061426
24143538
94126328
61931747
33487924
87312443
25387889
5771294
50842010
92638431
21139921
73622758
28488456
9605289
59400432
64540191
56145246
87828489
17035267
89385996
41045340
99757271
16796413
81841667
36646166
45071897
39205800
35471994
17811517
64200841
96516159
98306250
19594629
83611433
99538582
68469638
65454721
83733294
93151340
76857428
98099127
82451304
8298903
91090377
5012061
85846994
97602264
76114520
42441184
17082863
14522500
44082054
98201941
49679578
41012410
30884495
62225203
7733709
31428343
95950263
61808500
2537820
72631268
52782046
98476333
66418628
62264847
50215307
5456189
53350280
77779560
79404388
63579751
27486718
68682165
42428716
48141985
88795022
81686222
58282721
69426150
156238
66500864
81503386
10402028
70177056
83215145
23561327
58231841
2378435
70032463
82355131
5202269
23281648
58895737
51761515
5976593
74123055
31627281
29115669
27038922
20601826
40099080
3160448
23536939
36435170
26041373
51458647
7130700
67661691
96381906
84513593
26245462
3408864
54691715
78517800
86683920
595485
36550917
40711243
30550644
93642387
7737815
6699440
66811945
30292725
53765048
4199106
73066948
61506108
27110325
76699111
167221
39184590
95789212
52126926
9874462
93309882
26201129
16319913
95452709
59276345
11075363
81712120
27137783
46582561
45848907
88320456
8873025
37141266
81169142
67426015
30342668
40787269
40531580
71721227
85222355
65414069
70418465
40722781
37752787
21584354
24572358
51831705
43062409
52805157
73619933
92916236
30963927
7770960
11397675
22771587
62952121
7930699
31853713
55209265
53458686
50140266
86839616
81802065
87849040
57549791
84979164
73070226
86522789
51857970
83122842
98028632
31842509
75300481
95408529
41933617
88246437
95525651
47501158
77513689
14274629
88499717
76364294
3441288
53533658
49428046
28785779
11745656
9908336
23543397
56882331
87603491
62673129
596472
43367160
8489163
63746238
56470259
68637663
80440758
18774853
38021730
78954015
82719906
69709643
24360864
49621827
75277486
93513298
17834593
82875705
22570679
89655503
72171484
67643299
62077030
3960548
78894335
21662366
54649019
23828041
87910965
50839619
10468674
71513974
92002345
64350043
85371769
8827121
82426426
98571201
89566347
28231661
85108307
84185425
85388781
91237094
36684010
28746225
1466647
33877567
94966825
8149077
88236488
77318450
63582715
23410891
95506746
28389401
16086661
33055552
32050648
34405851
7716535
18969815
36574458
2777454
13589456
45791433
23730360
61458091
4670340
73085533
65467359
28352114
48795254
35755003
40289683
79445821
92156136
37354398
34723996
68209100
15147225
69318807
23221685
46211463
34462074
52656496
35841130
91336883
29255999
24798608
62958872
1090357
55533189
80388945
38181496
86580865
43359568
31884777
94095601
1383549
96640683
60491159
40334814
58266937
20938150
89332410
28517883
95788034
45611257
22691576
14696533
99891217
5124922
53387284
8102632
94352396
30766664
29323233
63197290
9703678
58519286
95901742
16239388
97949525
90383605
23104494
98875441
31775843
97442533
27091695
69846256
84839463
57180900
27479068
44994748
80273938
54117916
99422063
40824764
11318843
94331452
85782278
77708498
89951487
42035012
78495931
93941105
53628346
74436638
46282844
3472582
49415251
23512480
18331335
26265645
17434013
77360320
51873539
78378401
18614395
87312349
44112430
24149639
64453881
62788989
93350423
82383184
56384641
38052781
79148351
38539498
58934249
7429543
91837987
66262472
69816336
15561399
3308550
61692895
10558943
4083323
73210292
47020179
50046848
89437469
46760849
86454832
97797116
71443056
83519
12100677
46202897
27591399
39963287
81654121
23647347
12366825
49575571
48847252
55180320
55072516
24281711
90596113
59150358
36209368
66563251
37063117
35506945
42331061
30522937
48275237
97671427
82656570
68123404
54550154
4801500
92296625
46183241
44716654
51696438
98944477
83667051
55990129
46429827
26332216
60107920
17872772
29436291
39694559
14614988
59441067
34209659
29099995
45436894
1182773
52888410
98043636
17602113
58644084
29104393
15843369
88019844
89165816
76056172
23312839
73350608
49430700
90185245
84235268
51801325
7275217
40678419
4068208
19172487
78605427
4925840
22687803
26093190
66466475
27342573
32607600
33864770
63093958
32393956
73840021
51473027
32021672
67710618
13811862
88801781
79866469
51748085
66975606
78954436
14986185
38904417
60209074
69108981
2175530
29584890
74296039
47512786
30961265
72802992
91463667
17517173
86937995
67469872
80730244
33318270
34415670
60836913
97063796
99223744
24324446
20750813
83356965
97357801
28191503
88492980
39320425
90675612
37274271
60703686
10287387
30122792
35412498
29769800
73828138
39847891
98074040
15319164
40315176
49890892
82181248
6419225
30525913
68216204
14239754
75029771
65743385
71178380
14429327
37514645
88908522
22868098
25621296
21767894
10851133
15067226
24775614
56194315
54515392
49257809
82884213
75336901
69808088
6251800
53565452
95697359
67744757
5755145
75915056
8832140
49987071
47667343
31498181
22233882
35983173
26283804
19121615
60697810
93360345
44256105
4694694
11104454
82552112
92193399
79051905
88870333
76139442
31228573
2693208
64079558
92313448
50607223
56958882
86103703
10121711
94465329
88369370
29595201
63011282
5760337
78595266
32774491
18643981
72656696
454841
95040324
80544857
20883099
35389010
7681163
25848033
74667446
5315074
88505324
71976565
57905717
97250684
75359731
31832077
62871770
4955089
17786457
21337600
60437619
33466612
20724815
5799781
49927418
45079372
39647593
55334091
44534419
74067821
90026466
51212707
60187570
97159120
99345496
4957553
30497662
3173913
17631240
73372105
82029536
71867334
30457144
92111222
62180401
26045252
43978821
5762424
5274631
96872268
40979272
69047996
73689924
44064441
15463227
41424191
7861399
39802792
40095147
37058517
44911768
75096945
3133647
49277422
49617991
10805834
50216222
87247218
10222337
77289667
45479591
77569160
46575726
32348484
68983319
34147232
35769897
50004343
95360333
66104115
1288815
74369680
80310940
59216842
90704043
10227955
20717035
7253275
67013092
12492349
86583260
63307934
54025693
71723217
43858817
56643242
76109517
48583497
75233109
32250793
79460462
66928666
56446480
80891565
80362982
66098690
93317152
94496244
58338839
48324041
14409544
13418608
37251010
88685036
43537080
25247800
2289829
3124536
96148845
50517105
23416679
62708997
96408526
45198910
38337199
52486828
28203990
74546879
44598262
4479608
94632057
64763040
58970875
31399569
57840576
52044833
30137411
81114031
24381750
90880563
53331058
23878874
38750485
93231776
44163546
96539228
97934488
25749191
15418668
61684546
54819034
58977031
46771016
11223376
49208785
70845400
80789807
14089212
72049625
46738334
24838915
69099864
25131001
88108105
26460218
97541263
42473869
27332855
89581573
24743841
93484261
97597780
37850019
94995954
33442845
97457736
2912915
22494437
13142342
65200532
89752377
52849155
38284851
57255726
42482136
61390191
92789577
13967096
7738458
31549185
94876376
79575890
93644085
56580500
14583301
76496594
87920585
22295225
70485685
6211986
18612224
89297861
85564221
61683568
69218320
63651213
28548552
16128050
87458383
67815909
56258451
42981277
48610835
34702875
89413343
17460057
6684984
7056265
79534559
7390812
44396781
92851336
9353095
44444411
29091411
65442941
97654389
84391349
68179843
89837450
98089332
9429895
18428323
93441048
34218802
75744974
48741971
45113755
29430229
30789103
1569373
96116114
45902119
98072806
40074257
65655888
73290480
73060074
57882345
14969613
14883882
87285942
83496293
3467405
4389632
46682760
95692830
22698
79349997
49430214
61712644
38969675
98984500
453121
10251793
3193191
77359251
57721966
55055852
34437597
44782268
32791115
86135994
96956057
88454371
61717719
73270842
43004208
59202684
22673872
76536607
97517163
54218857
99448161
80829272
97681866
71387820
40895535
37865127
28611711
18250161
50066672
4450327
32582955
77672035
41395181
33573306
39121405
93230119
40129457
34011086
78254034
56932896
82944377
17349781
12667454
14301302
99694741
62343992
11241854
44350265
19453768
46850565
75529240
45193748
14481378
52944600
90059186
45257256
29490554
55203511
77055607
33926286
41112879
38395955
14195094
2749330
27626411
45203659
97849243
48916967
50695435
39537966
40012350
43354049
51034499
83828118
59679060
47587560
36693525
81643408
11382002
60730898
50845783
47654398
97137878
89814849
35028013
10181346
63163398
28173279
91974478
91103241
17706598
58842988
36507829
8134383
23105320
5736601
88061158
95437769
29859586
96144417
89378686
14675459
91195430
6360497
74174376
17994438
26793106
92536452
91760602
32065401
1288499
36846714
13693417
74281556
46694519
93326343
69273780
29354809
22596365
53572059
82926098
23417605
6973522
27959761
18649145
67844888
64988325
45482443
80007793
52171085
84266729
84077063
20029138
43953255
57145685
40506696
28305307
26387340
28561208
40744997
31441498
45747591
81991733
14832492
94872969
17428308
68193408
34618093
18987338
31083519
66759346
79848708
87439628
37182358
78823808
83798724
28556015
85678200
67556355
78369534
62565304
52659032
65180705
80335098
963013
69767650
43404022
39936352
15674599
78681702
29623852
56456194
35757919
57086941
92283091
4674459
60482676
11044010
21174873
93272976
72334611
60459719
86732202
22603192
76710292
4879976
1470491
85200698
94403448
44824692
49321994
3625728
5933091
31077386
97269391
88392858
27868728
10950629
61492672
76100941
84142266
27803514
7877509
42775516
97260557
39919820
17516876
73549472
72955544
23339750
71138716
56193323
12652316
47969381
31812530
46252896
39223349
67516124
92434851
21863976
20815174
98659668
246326
46409210
39213499
93570330
46294752
25290159
17728253
39592261
59569837
48828113
1299193
78869391
56933627
78436606
93355119
78102544
70231668
11611162
25652568
83079063
21626181
56259990
94037782
92521529
17134631
16799230
57888229
5465157
95678612
81365171
41927592
98891817
86702876
31096532
10659369
44459458
73589496
49149623
57580689
7792561
66048838
18356501
32436919
16223561
6754604
9371559
49882726
56842841
8476795
48855840
65931460
86046680
60132994
34405357
7810721
66377825
72978115
11087391
92263560
71530809
16932410
20059599
88123236
67483958
29381201
89981819
72129335
6728703
62145897
85223327
95033450
67148828
46323654
73947986
28329401
71943996
14029245
27086169
48269531
94749263
99068190
47639749
66350401
7176814
25906001
69240021
68988718
8094537
51278309
23673581
5798016
86675687
82527853
43863588
29808017
722991
52365011
82814387
10168163
41596717
93609610
80669886
64989589
54818936
48933101
30256417
38650359
69805296
84517188
15367870
94639583
6670788
55181116
4173553
33825411
1587245
11909084
53278594
28833449
33239745
36325816
10421810
51658772
62381304
58649037
12349464
3897469
90024339
32257906
85725676
7469707
99086289
44808220
82249356
83322335
47543345
97082731
49676243
10151597
79965643
30473058
93165196
99962954
50042057
15936554
62576983
41926563
66179148
86183556
71140059
59836147
82249342
32705973
22942446
7400086
264899
38261222
731921
63978012
78608404
65492412
24227353
36392409
75145292
24098520
35373513
54244506
71139702
81161869
11601328
19763732
15339994
89029564
92943657
5111651
96754211
75577677
9655471
14716861
95435688
1905641
20739715
80039191
10713803
74749962
44677839
28647270
60009783
2684883
13629150
41629734
89135127
94466819
23184066
73340132
44659325
59466692
97100988
36217243
3804509
94058243
53203244
72198265
96071745
34393006
59618666
25524180
44044351
40712510
56731246
17481364
92117554
51808637
50472400
21678680
45632105
80105334
51080447
79891264
36265696
97849681
52767722
74526553
52598116
18925805
68197145
97425852
67038527
80587192
14238334
22462588
77856199
19992414
1542455
23400889
15495577
1924329
94220133
60192203
83422795
40860698
16637003
63404421
3008523
92426579
91233316
51507343
24188950
90953188
18058942
26330100
21033597
54423336
37648709
23339766
63010784
77086052
91110332
35509613
77399871
45308439
99495501
88380207
45320036
93030858
82606413
33531549
44332928
94483433
26230674
12882728
5232172
83263855
20550476
39961543
47456580
3100711
70531538
85260201
86073525
11316909
17707205
90724658
60214971
66084571
23807165
4836079
36367791
98488653
56687180
31369171
93049615
97855312
79619893
53506905
80861398
73346213
50373403
98298326
82905250
81422113
14370052
95784789
91072542
66025840
45112092
13387743
23389088
78682661
38720343
74727627
50364517
60858879
66246358
22803448
22255058
42882563
26476151
61816483
48615656
64735064
4196509
39951302
51520983
87023806
77629968
12695291
61853362
76837853
77498946
51070762
30398446
66340560
59948237
44466151
24552256
37792501
67377731
32116457
30685448
40510811
26167355
28375896
44988617
87002487
32604512
75703199
41743413
6759502
67877135
86659255
97958385
18989226
34113892
51609407
93470373
87997274
21739381
86138211
2005222
19588114
65716984
15549218
98582483
99487320
49506718
96521014
3719345
42402496
41663115
50169594
59711
25242598
2952260
48189760
23961401
48221462
81967447
77956447
58752325
72125990
42112444
71498711
45249370
6722818
58350569
65774550
83060980
22591333
77396079
5391405
95215551
1916509
8284324
24381303
59552724
93421876
39320819
7829703
2201987
6459643
30135638
31010821
58207037
89008318
39372846
99041180
66356858
25471879
69907577
47673464
17580140
73925607
31901149
48955406
5136552
32059006
90297023
95100068
16874219
46929595
15694005
21632032
21010371
31852000
31305007
14645267
17959156
9993422
77398909
56465926
82529955
24686833
47258360
78492020
65307015
55743621
56352945
61218600
54207998
21827081
93699487
19933868
93744723
4030430
63933242
73642661
79791865
57269859
38031247
98297436
158974
32789215
40919717
56199556
49622301
78357871
37844020
78752495
32724780
67732938
97340946
28115830
84444915
43273073
83049445
23836455
623820
28195528
49119733
43311904
30795929
16293955
31850782
82132838
52183557
77089945
39746295
45055137
23933104
94313604
73903387
53563476
38671617
47392901
80331405
52177739
74420686
66270025
28971561
98607638
18756694
44730972
46844133
60405194
43004706
18566928
7703590
93006356
7899386
68478035
36659765
22635932
25596050
21273482
81430971
51338903
45587650
12645750
97005821
22702630
96970400
46310860
57543806
96296824
25839176
4128026
28044324
80508284
64216468
50762304
8900180
18725883
43684183
8140054
36586927
66235712
35479282
64116043
54522485
39768617
25107124
81921233
6123882
5636342
26676682
28776862
65388348
22707352
88240609
4595877
94260071
72038967
50815640
20736598
17119639
64828686
26707105
30323957
17914648
52175200
23350869
69923304
27415419
5935964
91271452
97345228
79779005
8919885
2424171
88336351
96324689
94166231
49375156
4140884
94529794
17327556
42642590
90352523
85291054
20038162
27831577
1972038
19880406
12002577
19729312
75929857
45684992
17982785
29565713
42215934
58485361
8930579
60478408
9235069
91471388
34001043
26255021
38876445
42453450
68732456
24767640
10267742
9721543
69308474
15967578
49796681
81983283
93117741
82082370
78777349
53956669
29805959
89949295
33895311
20516054
15936058
82941954
73115709
76146102
85147413
53347522
4100033
7947037
98049635
89726063
10589757
25484932
60588105
15201167
99737111
54152183
12445619
67604774
19473488
49583362
9867254
12773824
9083314
93294883
28618005
47848529
27832214
93749120
77930809
14571482
77854661
2540092
97533795
30242170
87293475
31783245
45663057
7337020
11613394
26067705
51423057
66985350
30814289
29756608
61882460
72909361
14930115
81117661
68597472
71363245
44657198
78223272
60220361
46902035
37074819
35693170
36638544
21855076
96423406
31009735
89573571
46134718
30566015
4499137
22855960
38411618
76067713
85070472
41271158
20417502
7056241
12718567
80378915
17090933
90763788
41687991
71771237
34137269
56414201
55172100
32337242
51337782
23236292
91711312
86854683
25260868
14902283
72736439
52602997
12868327
42890166
89982437
82516061
30257178
85027862
95048223
32232327
47422579
4320083
82658850
9954075
46783839
23228826
25621452
53091029
79792632
83443805
9394034
20598629
86367101
20404782
31744710
82587046
74443004
24574963
44619582
57918715
17843359
26695156
5682004
17933026
74337223
94197343
65253118
30967765
9374313
75864805
55866739
1928634
98786222
91663312
56303573
30047974
33826863
34387853
47821663
18279572
34605083
7349690
12650529
34728960
62171181
54291024
64875283
9862884
2229147
91639006
98786989
85625304
76397994
23728963
33092579
66270992
50110063
79217795
34386049
59486055
95209108
22330251
38863268
25873744
86487824
35499972
8342162
18144390
19857122
54869059
52263559
28704981
46752248
38387114
33392453
63802369
40472774
17569455
23044055
50865214
6443169
4251478
77098262
87926958
95818860
84008238
59776652
8120703
14865381
27333993
30387760
18952912
90197118
17372155
20919226
69901320
42512065
48988628
55101862
17499933
22375847
45804038
62908416
27885833
27135607
14896662
64981315
40948350
17129988
38764329
37815439
13809894
42442628
58145859
41860695
26923718
53531666
88622681
85004462
3139845
24745965
79563393
92003850
30253376
58839029
3556292
37546817
36644748
58337658
24964263
24829342
75994499
72731884
79557823
27090103
1105292
47154532
92846026
6824948
83246323
18868730
88633221
81079219
22502778
35160419
88045341
58302693
37307508
55040610
86662147
12976853
36196689
24766055
83628647
10534101
54351875
881017
60824346
73942672
25734026
80844912
55657213
5469111
50225935
99499251
61938590
56895069
81386658
96038179
63227822
43159401
99743389
71574084
68070445
7065755
64223521
96627896
35807784
34401372
19155005
71502476
28832124
22878025
16279495
87446140
45254120
52968692
28560806
20705606
84329540
85236471
70449727
15148857
32470496
58872379
30482366
66398440
14568287
5227319
94678062
70181029
60521489
50091124
72817577
67430294
85466133
64112910
64768067
51856508
51529586
43521982
58212737
84808218
35556896
92389651
75470553
38536940
14566521
79056868
5870850
51405523
93971233
67011064
3598285
11111214
21357964
18113633
94527379
31243720
57268837
29251337
22629264
23299240
29373949
72983588
18490368
34855941
38325068
85699198
61078539
46310996
36014448
10700637
952647
17226109
85106508
45552788
14812561
7376299
5362923
33312265
70587722
65267354
68856795
78957121
55226847
65753048
55264242
33484189
83929500
92307577
63840881
99651513
2223620
53251786
71249971
71551039
28236777
87886607
26036447
72178076
49733800
18120894
11676873
32192634
606727

