4194
38369326
12749716
93368025
11807374
71017872
6239238
83658010
15945597
43263927
12538935
73064873
21745450
96536738
56085058
37015397
33476905
78301000
86899256
11497366
43773155
57384233
34511239
90880206
52217092
69413933
49330188
65157396
68276336
68997787
77310908
26292188
12547856
6206432
82668632
37262062
4512665
82433010
88924090
84519474
53788672
40481050
80479297
73521248
2105487
47486056
69802600
64396048
77506781
1682584
58391166
64882017
23041222
20044671
20434652
32394378
43834488
40724317
90894160
5670947
39119449
26768251
11896554
97191953
59566571
84164185
45201789
41229621
94979322
42001266
65831978
56650220
23465428
82033440
69693816
53470342
69857768
73435514
17054640
38803117
93236066
48477530
85848896
867935
20650773
50843754
21949839
36735367
91903324
83310408
23271146
69105646
62917873
74922077
28404506
41255153
19209513
45020918
36906816
47642841
90991824
1001570
38099548
5770118
41609111
540146
69370257
20153789
74685277
35077356
19184748
21774141
99050774
51418326
16172676
27715299
16851160
37697161
24389553
31797850
4412269
50957929
76611729
83907727
21482633
65941869
64501454
86163510
30716226
81611767
83102426
34592521
9503133
10252586
9499720
49379584
95355968
14421381
12363067
64735044
3860369
32897263
10774228
15503469
17771485
98404439
88786129
37107704
19227897
61022228
38978822
32413730
77480396
59605311
75876163
9662558
59018602
48965524
95494177
17142218
22634118
96483574
70954554
79764993
97235311
66604656
86848727
38441353
80709991
35523613
54682091
95087411
99261887
60507714
43765231
22830143
67407212
10809936
86946582
60797223
92895879
65008718
25325681
55355305
84284429
22169761
92502196
99226322
66277470
33795277
91614396
81656008
28036335
25932762
73517217
39242603
61041437
78618173
63267371
18391577
42263650
77241861
45514860
36747867
32067489
24473960
89659675
20610467
73420812
32860039
64846061
35522418
92613506
30926689
81911894
20462066
26728852
4222630
7668192
86164615
82875337
41576235
24178104
84849356
3148152
30161044
10525816
34034857
93191497
38493150
91870968
2405029
88296578
78854236
86805276
4649685
71431879
12231680
87203694
33219538
60984102
99570562
22751186
15186381
71533208
32061871
14633968
37829129
45273146
21744316
52287068
98016918
50383577
76314166
45521726
97639660
36841046
13545208
22419696
14986135
33177934
11364610
64912843
37623093
9605342
51894359
99598898
90597494
11062068
44980078
58905780
44369326
26529018
57373574
58876137
5550627
48966590
84709196
35571477
57756917
22172910
43292150
20470272
22662874
90065
47309831
51961961
88302065
57791268
36608254
28189312
39761288
13836176
92561046
25416359
19989249
39951456
91207348
94758768
62329436
66599162
65809826
97624533
7792089
61626645
80301505
36365462
8964086
36913534
55666134
26703115
61128738
82984167
36481375
38331473
59760657
23874472
85070470
31465278
40531918
57097594
23844415
41428962
8351995
10733442
96425791
22088788
29453696
91611596
56276229
31243990
37991617
40632870
89520523
74861381
25693816
69312777
21875475
22475711
90017616
82166358
23951041
95780763
18521427
82055086
25101294
75539579
44151853
7036399
37249853
25119828
88415939
33960205
27983200
99305441
4427347
34450540
42010870
44040094
84583377
46735370
46321724
78608563
68164725
40635357
39716376
14880683
1308395
37038116
85238473
41195428
98617750
87333656
70007225
76349175
54222388
12685453
79712408
74205840
58717441
90716735
35449954
43874526
18529116
43496063
70075751
80582010
35541304
23313485
17795306
2274697
64219278
16918951
85457342
96058174
14702053
50068343
52839223
51053328
25477653
75348039
23417078
94605522
93598763
89967513
63900347
31308529
57045833
8402357
48770732
32010593
15706535
45506719
91525236
4823709
35486623
75588675
86102013
64924193
45176231
65568090
43777719
41112803
53912311
75884209
68706790
64697935
52843585
32762306
78128021
83005341
72048394
26048917
90158210
46651711
40264911
39287707
69485429
86686125
24371943
15522181
33639491
29199585
31153579
72959009
86462138
284659
2579496
405621
79707339
7940134
5846024
25758097
93803053
87893451
49460399
1243893
95550516
60521080
48103194
9508864
99552081
79929065
24103456
8560599
72767934
5754572
93610466
53072458
84463523
93115816
46218184
81009297
3204215
59128908
67302374
20096427
93808455
98989264
68614114
70981
9771355
23292446
15187191
86522300
14938104
86687541
5573141
25983966
74711643
2025828
35836491
6347788
99047722
123362
90138822
96982485
45912744
25652823
58663605
85895083
29649197
94337164
57968752
21103837
65783548
37801077
60520205
32021647
45610622
81942466
67873046
38239831
4115297
51206108
44392044
53845375
8906637
37780815
11579927
58701703
17811325
79902874
38416388
20514438
27249455
84367062
85792060
63794393
11306275
62796677
26073350
92406797
48225109
39751865
26762572
8052757
39309583
15475540
44858071
55817778
51715286
29005790
26410794
92675921
17033681
37539562
53183472
14699729
94215187
55384960
12772679
3122276
37860626
57849537
64940979
17526267
36270142
13182401
62287255
21940430
71576882
74487633
48850740
63422072
21348701
65941103
55138003
52247541
64376588
11209185
168515
77726536
1512997
55626104
52543483
67121598
5462732
14312839
23673765
10265926
33705100
35400759
12168028
10383108
59210038
83370637
39050660
51702551
11457934
92947086
41063033
29335476
55682414
49326717
1934166
91762546
24129411
74862949
72351591
10119914
40448040
38963204
48242183
98013340
8417241
10833675
18139909
95539313
97422791
27499855
57263770
69280800
50850660
17714582
94405498
72257620
10444918
55453194
41412407
39884376
14788146
97033394
89632752
10099826
93056758
13021580
8227777
50180764
20005855
19048498
70907194
44552097
1258632
51665733
43652166
28808243
96319526
12277823
76012072
71592006
81193054
59542733
80008208
62656701
93654544
64576867
84466333
38968064
21527359
34445439
61164496
4273272
72091263
70363310
8846563
4301987
61725690
93956462
34173133
66201871
59692173
76374595
76570195
90731922
2605418
73174762
87578850
33113576
26188993
25633138
15910255
45760222
77487262
86909728
70706582
37143548
30054849
69679387
27755827
60907169
3046920
42651091
58419362
26864634
28294924
65163236
59407794
64458215
27233683
24173191
72199900
13019057
33611762
30946328
96566301
57836532
46365944
23949392
46386199
60864466
39842668
10291079
68359126
9454959
59983370
745812
14237737
44640763
90092672
89127481
87640318
98418206
60776896
30955591
60646386
94729934
30086178
38210110
75893207
12914754
63797553
35715152
26394417
71319457
58331218
45428426
55350386
2986218
7014311
58995415
59261615
67018964
90878654
22621917
8215055
56666509
58761142
49014552
97827952
79171575
74360197
9022604
61034358
63152131
22015122
59137280
87706179
22137721
67288893
44515618
79759235
59851807
16745719
26316898
11055138
45301256
65487843
84534257
871131
5202477
38685059
81709439
65284528
37195814
42076887
80913634
46390532
62390440
91893390
29632647
83969360
65745308
16781218
9665614
90076395
56168740
2996546
67314030
24395663
36623909
86416764
16004020
40597554
95964511
87991659
16835943
91717308
75721900
84752363
19095026
93512088
55513903
24037189
87789708
60356867
25886684
85801294
34408497
38904880
67990715
58646801
69882879
44481733
68269820
59483375
62073903
410701
48293211
8157289
45184549
71781340
15845945
48108364
3422476
262287
90850627
63479683
96638200
8987112
19025383
45315302
23238786
42024814
56717081
22007723
34782287
54927359
15317971
28661269
63079022
10065847
81362907
88458278
81274443
56148899
50599882
18160429
60723352
32417005
44430876
98097955
37562968
53589536
68265193
74695964
26601320
20183508
9895175
48454695
83132074
29375746
3185767
20372129
54244496
55553366
7596229
69661052
4181216
63992874
4578928
34588760
46292006
25246362
71099941
85572921
11415179
28868870
52375602
13333677
60810051
16892919
56334362
35611142
57993948
43197587
40160069
49882392
52604725
62215222
82580556
87045395
23682603
62316903
72750719
11535934
27708196
75791218
53290700
28788280
90878050
14605778
79458065
81147356
13176268
62720635
19334213
88484038
21244185
36519939
75944488
11892608
56062063
62445987
3178704
25479398
91393277
12792622
45325699
84698188
18348067
27784768
83041221
94012531
5226059
84033375
72481945
97615454
13217116
50628393
97344806
1387694
68440987
29412295
11203255
90730739
74325893
8660166
28783521
89213716
79736050
82089067
3241383
7626594
7331428
9231806
21211881
43967675
18431602
47175779
46433644
95370668
88810102
6434539
72490045
18333888
48869517
20991331
35661830
96624187
66449199
13169731
25527455
20767097
41623887
70560199
75362472
99579885
45855471
7038448
1764061
59987059
17251904
28415339
45005205
69307714
16477235
25667292
13751643
56396649
19566838
16528096
30107055
9394248
22819905
95337146
89683183
81508753
90832931
28964924
342556
92448063
36896638
64673640
41006809
60563598
61327798
4917050
42742319
8482046
30087975
39711046
25299373
94267772
76279142
85574601
94156008
85954039
28919533
20662331
28305372
40762772
70794721
29027854
76936043
80294629
96985420
86844445
58076935
51243073
90853331
92132123
98045242
64898554
96092448
31353969
52967867
72710811
45688311
52085397
2124293
71955342
28536577
93184404
73172874
55847234
43271567
74531791
72845136
6799297
45108544
63528773
38487518
72023412
80985911
18552557
3881574
22877074
76480928
41415811
83812427
79166735
79731340
19721785
39651302
877566
18241655
53214555
45508554
62974879
5842671
81311781
92085509
23000588
37109033
21260001
59741937
95964455
91936600
35558718
41181115
62945292
88269563
91225755
17408194
35023543
26657212
67957196
67967147
43610448
49946932
77937303
28602273
78554672
13413046
24841499
29322840
51706006
61129275
36129035
50607190
56404251
54355074
49760477
51062967
87480326
45008754
24069624
41321597
31047688
65923151
58304872
70419250
94525074
92503585
39364933
37346146
17712453
62134106
24150077
80212191
84124133
63650981
35181461
45208946
14033673
88224588
57010751
18779183
89116219
18664283
34176809
32870536
61573539
52026298
81521579
11285646
9063652
22226851
90487335
23897090
47042086
26634641
78074266
59240657
23174702
90768852
40081616
11018422
4400334
55252517
41308247
38886192
1385146
23481462
1897942
47223113
7775512
54315763
97457344
8232126
11366852
94197293
88227878
87115249
43213712
16059077
7924773
20347876
46624325
56173299
60690682
91729159
66504813
68178628
62395523
48008834
98409812
95883828
8137368
15258435
94452341
51151077
557050
2481427
79339186
52311471
99761295
67634093
88422811
49457909
72677440
15511873
68789779
13385833
70983319
68104481
24603738
14958030
48909644
94030398
90098462
86440011
36793014
1385251
15473931
34609296
74646870
81174063
28453441
9200629
730753
89842367
67446374
9614468
96878197
37117264
81278239
48649514
37297181
52773478
42566402
82534986
846006
42317804
31527648
32904017
31310128
80409515
68483220
15407216
69210782
58639868
46338526
56113644
20971010
78708517
97097245
10406729
64605029
50763645
34949078
59705691
7082332
97338229
67032945
54558564
91643301
99674297
93551152
64578904
18702192
15432881
82393327
67466840
43814264
46927774
6768279
42717995
69591913
38651332
77761663
3800041
86752613
27939488
47844169
74858093
11041198
6125543
40574191
11699414
39740464
38656676
79485826
68030882
47016547
5797512
91487936
57618210
62223118
35593027
24833900
5117158
4728626
84910289
59461037
11829669
81452602
14891120
76723054
36164598
80526485
93935785
54442840
82246125
80013276
44323866
60347509
49677801
44733747
93483558
97690014
23749522
90535247
29154074
59228780
86459876
45473537
38721495
82181736
94316642
38246030
28606289
17350341
10171819
36630485
93428885
53610371
50650992
92584465
81921405
1993264
6702453
20962147
23486521
68755445
99236208
45714449
16577295
97603446
44986036
21943799
48504064
99593880
82444858
41945201
82938725
23732039
1584599
84231450
3050465
97345773
846375
36612032
88175447
85603033
76898765
38345017
677642
61483125
226246
88620251
39277319
78100625
41489746
53763793
2035298
44004423
36055238
11676433
12889999
15528314
68928776
76834233
33451294
47856923
85703860
24014507
94665779
50457671
41916423
92245457
84067376
81034839
47906875
40665390
56388562
83648629
61789841
84049874
34362372
73454271
90319319
23720715
26680397
81442601
79016267
81505623
22808755
917674
9130499
1751444
36025585
52385265
56810741
77368939
20548182
81101886
88048781
9097351
49519141
80123843
46742944
95297763
12354836
27772049
86066676
86433500
17590371
36105758
60766073
33635164
3959343
78946299
90135181
42809620
90750884
12902908
40886721
65913119
77789493
59631296
37796590
36101554
74691179
22364715
43290248
68198959
24403039
82272162
24638557
13443940
88196466
42380077
78149959
75532417
23780119
48898535
98924591
94937980
30372584
35188637
70702111
36808919
44885476
53511700
63586252
15069204
29318617
94013022
30271984
95398795
58029880
51992844
90558958
59876805
27114839
53941331
46829661
380602
15093497
79595288
68671913
86917040
22300609
69371417
38274487
69785001
28000857
17746461
25309718
96837430
9962075
6430371
31139712
35010207
7405193
69304560
75375512
1949477
33676257
26821348
83993434
10965824
95195216
55260031
35384091
45311929
53265798
27054054
3626593
15585013
54080823
59206324
4155751
43024041
87649782
11984723
29429400
16856100
5305475
43968619
18879144
72058163
76953523
65684145
48205879
79455168
57648009
79848599
34613307
65874857
13040238
16926650
43555678
24541409
23275018
18764084
94125234
43544889
43210686
77108650
33816831
33568075
88302075
37654939
65145463
50924717
86205691
73239669
40759418
1141066
38635884
89425884
7932245
79517156
35202990
18954404
47485116
62400864
29378177
13966919
59268688
65590476
29791487
55115235
64699632
76478931
99455388
17711727
33138536
50577846
23986267
96220989
3650111
47950126
96286190
63907226
46923882
31583169
98257418
65287829
29773808
41190594
76763914
99083508
94557242
3836624
13510649
26168317
69734762
61954163
3212214
78149835
90242037
59042811
84547430
3340765
19924088
17464708
10044873
45646577
14939394
20276126
23928387
52746366
63079908
92744895
94809
13759262
76052338
68647067
57422763
68801972
6406029
77904209
68880704
40186886
17389399
24022111
88878831
98660929
17929242
19136379
58455294
79779400
27466205
8501908
42228788
75897961
9608920
28823493
86213652
17572329
49667552
75989515
58889131
61038872
39018929
10002790
34846885
84745454
31676706
87127465
68832423
28728119
51050880
54257452
2006101
49779733
97138247
91130499
84228648
44049696
25659792
982120
19600242
76573702
31504961
39696053
56518334
25639830
45176387
39488739
7768028
33418308
81553666
91180653
13883949
49373632
86923860
50207326
66433389
18749818
5350930
24724492
81568595
38581645
82717144
38706975
8067431
83800212
78755363
8253077
99212974
13236391
82980162
40468097
43849249
93698577
99753365
34354583
85142062
56391843
67493639
2621901
25014011
76362244
17992580
53581480
78362932
46719357
9403187
1758921
53294680
44685782
62145271
87985122
15365428
38178623
48066620
3206490
97364833
883396
24623309
15186584
96624850
52401708
56983352
5767837
80832656
83257997
42399469
11092725
97330364
4769225
21149457
20611333
59274431
90814320
39984957
40975678
28948037
18658036
29183480
94064220
89381348
49643427
58613085
59098558
50188502
58455265
77916575
66943800
10803618
21368754
91064319
19425035
77218011
11080534
833071
16522415
80121419
92719799
66398782
8408726
77494336
85498047
92094664
92286939
71483084
86117092
38661345
83148241
48724735
25351638
67799494
90143812
91381548
86962076
7921904
84036148
23973889
74900966
19700154
9686461
79685300
8829418
83934018
453557
80481558
99614320
78496291
99991625
65502930
12910934
91197969
13310805
74265058
86206321
11153900
308057
21020214
7815434
30170950
95185068
76305751
15998376
30320580
42228432
73425380
26428103
29083215
15785214
67864672
5894857
87103126
22668763
2577199
37984832
26597375
50369182
42774245
52083750
96122985
99094397
97873064
81488468
26087826
57384750
63504857
2943930
67578652
44718369
39911645
10196316
46976142
38618232
4656275
61885610
54552654
58726555
55803288
79480613
14003367
87268490
83159107
27838886
999291
4682528
94722937
12487599
91331744
39374115
37162951
52650359
12392172
58788912
36049341
78978178
46229933
73588607
37718911
38947445
71473115
6660554
96461255
21642947
66747395
25096476
11357141
38005938
47738541
48427366
11906016
69502764
79410892
81289323
51731990
16771340
63950467
82072213
8068650
91004968
10005223
43526362
53507218
88257278
76354916
91320173
2916098
24996760
89935398
71627189
57095469
88129540
76945997
35683952
2016017
16437945
3031643
94287396
29914820
72092475
53635307
62728922
56478533
16095625
22187009
24373552
53096777
8611222
52289938
9154921
96793732
85302055
1421258
82932199
766580
383600
68991594
78111290
13714979
40184801
60666983
61208112
93354448
45145226
95461413
30755005
13066021
75452063
92052845
82413584
54034464
37306524
51785499
12586392
95865204
15428199
32404196
20753169
31351101
92857836
85011219
25101588
785236
88744460
96168023
13450549
82480241
3039906
58354169
14372195
36688323
2610238
5178860
59923250
61607729
50472738
23848735
39225734
36915356
19875864
10474651
58686436
15723925
17476050
92273023
30575450
63073182
49624348
30930910
57740374
52531553
83407776
80039521
97331136
59728449
9880437
4263840
79980263
81077531
75203585
68252879
57962300
87474541
42894126
34858336
85599255
49124584
91255285
13718904
2641565
80697391
35662968
44451796
53211106
91051922
9693234
66193290
11960595
19023971
62192616
2641514
67932679
64306772
36436251
39323607
59573752
21648940
30373659
78446694
95116089
76366900
72430862
3340808
27668211
71551369
45690642
12942335
34372842
7439341
60023684
98607609
16893869
84208567
1662196
87028807
58171064
80899396
3581755
70389591
38643775
35332898
40791669
56466600
30955960
90663279
48922517
1990065
52936860
73255983
81361440
92503652
6903626
78408221
99494736
67126008
96375290
44617238
28295373
83241712
28088676
9138660
31891949
26542960
86810635
86321554
76576174
66030443
93773470
66876860
95515304
84131262
70185107
359192
80446159
4663327
68501019
55163807
89446080
94996637
28128338
99553004
90555793
98285806
42404945
33204522
7234768
72759631
73227473
93797026
83086951
79390329
39197693
2728356
54811994
15465219
84676001
20260626
48001621
61762655
20113350
23728247
36477033
21235970
16619544
37759054
38821378
20453092
22011059
90850439
47036990
69687412
50724447
84545136
71806929
54317112
28526831
66481469
47134777
82503562
30718618
76319180
46585712
91786342
69563714
39520207
68862658
28490920
43996315
1159504
78600015
36406044
11330159
81008753
73756808
62684402
90061783
68600636
24540593
43147882
9654267
23182476
50127713
79372056
11778983
81942780
5362398
87390503
91234084
72811963
73075796
12349733
32233662
61463080
47911665
42850741
10572774
43562362
8178154
97238026
33915482
67926895
53812107
25956251
92111950
70905186
10803641
26641448
3011648
61742142
65579093
4890030
12432289
31659909
13217130
74678801
4555403
5616709
20519961
89997851
58372847
61880717
52011604
38070232
52142909
90408298
34609034
87037124
89558039
76691550
82861760
4990752
12288365
85403420
64600588
79634469
39094535
16435497
78681795
39583747
8078195
85015159
6739434
517594
19040036
27310938
29619398
61293417
15168028
84754158
49263591
30443351
77085959
18861818
68952526
28516836
81701816
45561611
58214589
516516
97411379
15393972
21428342
66756009
90176373
55427963
46056233
57576845
44561875
69108189
76956831
49982944
73418721
34814689
23322883
50556960
56161577
777115
40347258
77185511
74625300
10250229
44695089
68949084
30058344
62007228
93700247
32707188
26569263
62472532
49320519
65552426
58073183
76275654
3136675
20473417
87428444
24022338
17884552
2232219
39759399
33082111
19036559
36661045
11936938
17910061
68060069
49470011
71189621
32058057
65950336
10317034
53590453
99095478
2758454
85859612
26466678
80923951
12766929
31672558
9015185
36343225
23319272
26964970
48989319
98927453
38153481
15732760
76498028
23929378
14897034
83141074
92546301
57292745
39469937
8556502
15817210
95849178
10356552
34563167
90959923
7438977
79096468
63031206
77721092
64520758
98698283
74439163
64905409
41381098
80086637
24932413
52428305
92091576
4664258
21246423
2835248
351480
45944442
46493554
2278038
9839332
82575573
91388559
1285242
15693691
24751478
21839320
40009158
35814330
74496659
82381612
8284216
56153523
26940028
54979657
1311879
71778594
86487611
15126393
15684672
57750879
49393487
64746354
65246296
19821122
49817059
25851751
28759028
25043512
5772927
93706107
9516387
61713807
77445193
42757958
90255696
29218422
35839483
97243130
6415433
51375503
72631405
70502871
86660244
26488063
64156756
21992188
77196253
57301383
67069
32114816
36692537
65038092
98710100
5259436
36603770
44429880
84868894
58849139
39887686
99120559
39713087
42808772
98178369
4499332
80025100
45185123
98222246
50336915
22142597
3744894
1881204
72928969
88601280
91730479
6859163
86999071
38093713
4190562
19695674
2179147
7169497
40027269
80814705
27663765
26904112
2333803
79293641
73553679
30379616
82076704
66755199
69541281
38673666
78319733
5255498
66907093
7152046
9630225
23994715
28434259
37803113
8022234
82190013
21520626
26170041
83291764
26715126
32920950
57887279
1406062
77151963
14294775
22207406
33598555
92182591
70076028
76840705
20546377
59162095
25076283
60065835
81848934
75576323
53311417
85375743
88901116
13813722
6779824
41640943
76149368
9962410
35875826
66075711
71386434
46302276
21669362
89024479
90686374
30058760
19993298
38079664
35857065
75950116
1596271
83913465
13035066
1299603
65455862
6420792
21139817
80271674
19577579
71861551
96164176
16582066
28170707
27067053
1796387
13062407
26619120
78739310
7613774
69426000
97635188
44886454
49644547
45224971
5045669
71001049
49298903
23932135
29021979
79570340
54257010
93201985
38580076
59857672
10432641
28809256
30138705
99351578
28857548
70483592
82942490
5939371
59065034
56673969
97424339
41609536
44781208
18486406
8875405
12864591
54908682
18207320
60727944
97687194
93147470
81737673
24395100
45330678
80287796
10844432
73742276
86233124
49724366
59563656
67383734
14839768
3877724
56794702
62306535
83077477
32068366
30816855
8606035
36410786
41410017
61242137
41397513
81164074
45150052
13670082
60410390
1632635
28670589
38649239
54492167
38610835
9036139
46532883
83584940
47249309
39654840
43547044
80805193
84589269
26833237
605545
97232493
69623594
52944789
98121842
50939332
43747551
35454649
66902900
91185364
46953501
9085303
35120850
82400360
45061673
67371032
74031433
54638240
51062232
70241048
26663308
53618980
228588
27982245
71347201
26000048
82099904
97286397
77723411
27311301
23812784
23089722
21901194
63131788
84996454
88853788
64480251
92706602
36199959
62931257
57269451
63385945
63781148
59996317
89644798
4160104
24581756
45506556
693250
3502382
88737360
64930768
91404921
12004041
35937916
4122914
74338894
22281840
34991857
7393587
77753229
21441005
47371096
15230192
21147662
15633300
81058698
69209487
15194982
671949
53893319
36381266
11680001
60949820
19882277
11236520
51191016
83719378
99873926
96345975
85507409
73256908
20723025
84112095
29116361
13478834
66263080
80034992
61821031
32075314
59499446
44086755
77211648
20931281
57091439
76277821
71769398
10250618
68026700
85126517
14056005
83862911
36048167
72529737
88948043
90608256
8732690
9220880
62769131
59597017
16174506
63358242
7949093
41001671
41997278
3691795
31739426
86757436
83809117
15138721
38299634
37925561
64630348
81186211
62701542
3324295
24943688
86046739
31047942
56909152
31362616
16467106
13444969
56485227
45395371
33382377
52470817
22009026
60192519
46749587
47555462
97222439
67058640
10229539
93447548
60257990
21316858
15337536
61000935
14694747
98575158
67979201
41315893
40066693
44789295
92878124
78507988
49099457
48641397
90342629
27399440
37376911
29893675
89382639
72716686
20614326
41789736
29429672
99747783
69239152
13774637
47742940
22361359
27494754
71531263
24562788
14803825
84365457
7822467
63792847
65018254
93994077
46064039
22359663
90593238
31134632
69935046
948103
20550702
11547971
11085078
73693368
42556547
108313
38585701
55772469
7000611
15456538
5187058
21522146
53851970
84026137
48697590
58593490
54955925
19241843
68086829
12508308
75110572
18879659
40104970
20322788
16573465
61933879
49016049
27874164
47808412
53585795
5390206
96743779
28948296
27897182
33296516
77193036
96211842
70220881
70922851
46932672
38707901
62104222
77770180
51831393
4231249
57413858
51347591
66416334
25085011
3246620
68319032
20176835
82323798
37979740
3918044
44225208
73501260
49373483
11745438
4868988
9773753
68481765
90953031
37100064
87311706
24908685
77446919
63369996
12519993
37912991
2372000
11498354
60378471
70056135
42499054
5122219
7957963
81682917
32812251
60297723
79337123
92448098
62675415
20088297
99151765
43887930
43810144
28063998
9793780
83395733
90915797
70699428
76297472
81739356
84893235
56040771
29781875
48071420
71972535
18874750
93322072
21306193
10900349
75827914
74926505
94429058
54947563
66794154
44562365
57039220
2143799
8189528
98932977
10690950
87148880
27378906
63560730
83985661
63531325
88400404
34389951
16670125
3292187
54468000
54115887
40130128
70479115
99300707
28373720
25210273
56155274
89956461
57844984
54831332
92995338
92643195
96322336
55994782
16235954
19929888
31738996
91437981
76040305
65033014
88173622
56305680
66835745
67397412
49612047
82203783
97072525
66236446
40794198
2482214
92566295
22033146
20082428
76696372
59018981
91058042
24459629
40401714
23264035
61498624
76136205
97128713
59593804
62173615
8482239
23559460
60440548
64525205
43362347
271251
73720529
87143919
53771645
25607018
85308259
49811395
8977082
51826595
60689350
7053616
56692637
14688126
63480901
10087704
73904038
93206076
98940669
68671637
85789019
14819595
32618159
6443750
59511276
46424276
21129004
5559005
76492659
26671173
36187099
34885682
70394009
24804656
73004452
65640905
9563644
39168518
96965865
37879161
81274837
76053834
85393495
82372847
82650682
69163788
40110467
95917179
97368868
89004040
47168101
54487585
65111872
86360780
42868978
17082033
78892869
52903795
14021817
97357640
8691888
52162909
4868477
97674665
58757457
54868803
7352169
79505614
17401486
22282187
10747221
25874155
73091102
67462386
78728152
42520956
5441087
79226567
85327764
82518063
3138168
3582048
55009643
50781512
59054857
5933529
28666586
52441841
39895527
22507402
21272831
34766949
98517015
43139580
95313085
72006979
21590168
17402123
32988246
58854486
66852802
69492677
20410816
3081483
72557074
43514869
60344367
95494785
7056475
67645763
1354189
3187163
69025233
58900229
27258559
21959724
11269406
34742550
90578311
39647745
69796310
28603353
60983567
98975661
73575869
94930102
99342460
46910079
89064015
83869169
61530772
24844485
54318010
55527072
23688751
50228073
20014351
7335701
1352516
53389231
74413237
27791705
96120669
73452362
76403866
10512112
72875197
77833854
44439999
46542083
21415652
9355670
80701014
13348417
5034520
84995228
54965429
85996993
50847411
79902327
62810335
35318957
9995993
305307
49610432
83761721
18554149
54453428
46915664
74534266
3910328
14542396
90381681
58555872
31107043
65637925
59478784
76516122
32921369
15923770
93211226
5801118
71022955
46174288
31341670
42747863
91887788
94871035
3092680
35554521
69266714
14107258
11071412
13932241
47734299
9344026
46526797
1601937
38533129
39982911
16360822
67592006
85952735
40590581
50068057
78109086
83693773
27546471
81347680
15744401
85431292
29534581
8448277
45738704
415970
66925959
27743619
79542423
51468615
81684298
22435342
54133347
72053857
33283824
55481748
66814416
97013354
76635582
68011410
44941175
59568128
23615661
33711998
9351225
97597055
37572499
8890920
90418884
99244959
16607616
98811649
60999121
82831427
78390333
95340409
85133222
77741298
46107220
43216597
89737804
11431455
98908891
10763681
21446352
56167102
71955969
35563855
17746408
24418947
58034762
8854086
44024025
70392185
36132908
95396302
12619318
69556885
45049603
34433877
90657072
95595826
71051892
52822846
96109488
9348405
16613939
63860218
9230206
31418768
58838348
38218950
34239353
33053186
99306708
57933770
99573987
26423386
66598284
74868390
92499721
12134066
12257953
50453826
14391595
57857990
86706151
77742613
47904026
34766467
4458885
66644995
71847722
51832618
41613512
99698285
8625023
67449657
64791849
50185160
90378716
40935071
9368101
160964
66235145
25949713
61923385
82415657
22462751
55405208
60102237
5564903
37908964
80798436
91328769
55785914
29460015
50331382
58464003
22640852
41873866
35005738
37180843
65268758
80546268
39711643
18539464
25811743
2452797
3040909
66814746
17977930
95451375
66932472
62398142
53552858
51818047
8626270
29016784
74088865
60506662
80589336
4164317
70199115
1590978
90067881
62692878
25496493
91991919
92630972
92265797
25921756
8843774
74220952
19726247
51742223
88757371
20184622
16710618
95765593
76842214
71098672
71266260
20129730
3913040
58747558
403865
58591091
1352955
57256793
28203251
16018281
59977782
94920741
45522844
94750065
4150560
55778904
89963124
66319314
97980582
87168072
80015515
95997583
47343474
30682839
96661348
82617282
24603676
17426707
9073447
12041948
35329484
2341548
96180879
49825740
90682295
60127585
43496294
7545544
17798257
19660200
26272028
40131360
74391651
61485092
45193170
16674487
88511876
5911139
52357856
70957146
33101003
43575825
54755194
69224463
92087146
65931913
83887985
57466885
55855357
91702383
5948448
9486884
53949331
96703927
45872755
24856457
67438969
59968101
10532353
36880794
5404954
51634837
48198204
42064599
67367796
31551536
42786477
57666974
32180730
63438112
45438050
70992729
41676617
75722286
91239865
32875143
18698989
39160372
68452887
714352
2283205
15610078
33364058
34051251
7198964
30393005
74893673
10409680
10691775
65291990
96197024
870356
97063185
21166621
29391080
47621328
12629145
34719274
80449602
50622273
23187209
29675244
52413492
13052820
33278457
66654001
56798940
65746555
16059726
9060250
772102
79908877
68010052
59828650
47850419
83412554
96066032
41885326
85016444
3145897
50277039
70311734
89492378
89920811
46767879
13004886
27651719
82462770
58410451
4423278
35986192
90307114
22101991
21279852
69562584
37321985
1866260
18254450
85053808
56313177
79554847
56768072
19622258
59879591
2640384
55962191
34891641
74057633
13910617
16511685
54287378
25276782
9694702
94376677
67558674
551279
85183831
6033646
43544959
66066997
35462369
59554853
502736
28712832
90611560
50980041
43361980
89216949
27051659
51466273
47208437
95316650
82304998
88420764
38869090
13951832
22495167
24036030
55027418
27846116
27400034
48735691
27658240
8854905
40995270
34415671
60853720
79539045
74390170
61784457
64859743
53568237
98385345
86042381
47270903
99074487
66756405
5228789
97704531
84530429
44930779
72935001
71052127
90359867
15743084
41616652
64379820
67664698
14708601
32794758
76065138
62096846
65709303
71036385
68381587
71538720
26077477
3753506
1128157
43354142
56108261
30498929
32865226
35230282
95820158
9334435
86706282
17042417
1159202
53219902
26978739
25899833
15193381
5975896
81337553
57447467
4306499
54352562
19448848
40345015
71699364
89069671
19538359
63685369
31309687
1698871
3425532
76815011
5501007
89812718
82418608
95875318
63734376
73899313
76694914
34514375
59005224
27632189
59108193
7237814
88231088
54348696
59359119
17676247
29804754
94887392
59835669
32231376
39835966
9558120
49837361
70578176
6203154
10781598
93876128
41255508
21665287
45726486
13997021
80611268
44074198
74562993
25958393
31623255
88776508
41820181
29211232
36676974
79655641
87910917
47897594
1473311
36107149
4449009
68447109
28794038
54065380
4541956
83123691
20694619
86388054
34850472
33124608
8093106
47531891
77249532
94745756
94631110
36939256
92861921
75347635
50214426
48665002
87071864
18928150
74022184
19494696
26330617
66820903
21458629
33805398
82022442
14164967
85872708
34663595
12440695
82711817
45665375
54692490
57955849
4243116
14878307
49467408
40723977
44570982
98354428
46115963
27258285
20865317
68738890
95805791
81151243
70108233
76125920
34040984
9450963
1219442
9793091
71815710
38997466
56295571
54949562
17185035
79357524
67539659
92873729
72429269
64659702
18658398
55572013
19620936
97051939
30019810
53453093
35834316
2004517
94456202
27950459
65821142
1855389
27148709
47009531
91390311
18823551
93587103
82090338
92391126
5147011
82652887
2712512
81500464
93503928
9971939
72214619
80705689
59709188
75628677
33225095
74685000
5231285
76752890
24335273
77529670
19965383
18531195
86834660
76826752
87413728
73179815
94184442
63844277
41309819
66682218
34552770
4309989
24916547
13094264
31963054
25115406
21116807
56444517
40878002
39677285
41084558
67291041
14204430
56148771
60356141
18570935
24668175
35048776
38840688
70186794
69321399
77317562
16446145
42224465
15148855
37323015
98873071
8736941
971836
22941944
98962972
31610603
64226789
27738062
99428901
55751030
89272852
75010224
21798690
11645817
11609864
78646550
43710321
8354617
29610864
5954924
50540970
6346624
69712108
1512784
11437415
12361588
44763624
39745806
96227716
29993777
44617705
94160022
41509782
15699377
15429947
53385988
62505650
31125277
798006
99859139
86294375
94588189
19076720
64163325
44304926
28739952
41531267
48096529
2376342
2643458
20909886
89108830
86080516
27439224
6026599
43275140
93974404
37099749
86903634
96985967
67336631
739959
44567609
31892151
29937974
64752464
96638309
19215919
47800427
87169946
99604278
76133021
52012069
5276689
56651606
13172554
93278015
33209974
24057064
88241457
23734346
72570302
65837865
21392359
11608664
58478150
75827747
95934846
13227114
17289357
85213731
79861703
47830813
14661136
55354902
77511208
1277705
47035112
51406843
99362785
17213597
79703457
30787805
3568997
10470954
89529535
89227978
20812906
23443305
40288844
58323326
26070559
57406015
83807625
23650053
1966076
19677072
69230934
93823821
62131759
76307204
32022103
46253192
1600707
33278785
84074252
64387817
23750098
28917322
78615921
88319920
83070785
99291523
90811920
87740602
7706504
99384440
59489361
87871137
33820203
10545678
60834069
49264688
98499566
49874237
7146796
75285250
51328667
68665065
51518305
13313417
18164942
77182141
87909045
87733647
83792397
39011814
73627297
13172273
68250849
13311957
2023566
31406433
59920847
75725577
59834679
7195602
58469605
37098065
21502559
46333082
19121405
16559542
604197
94881056
46325095
30378827
52022293
77111457
18092167
76345831
6416624
59485085
95700006
54217106
7117191
44126639
62960302
8330679
13242054
6859446
74961764
66722672
19349281
55014891
54402914
69225623
96165000
75925965
66989171
27245790
82160609
51142708
38219446
34178781
3112027
60719550
72027502
61634096
93622907
75451322
37001344
79119024
37243765
47989344
72216804
12542851
35370374
94465911
99526466
32624072
85519142
92133260
47991333
4270505
3906473
32957723
67534246
81593039
41015109
96550987
7475556
92504299
22663888
8735519
10659658
32522993
49586302
62790545
7594560
29702614
1888949
33175849
84718859
65765564
65620654
35617711
71909842
43513678
10250565
58739085
42579888
46292275
29767445
47530630
39262217
20770600
4009519
37672597
19939249
80672479
38646805
84882686
83629861
10633400
80672654
36701897
20976190
55996511
20104725
34648363
85137714
81939585
14565946
65882132
45083429
44931679
4854989
3193803
67340736
85150960
8075818
11477544
15510934
80333827
50900073
68503272
1426822
54766526
75099653
47271581
29398610
48987506
36244408
60366664
75126597
93097967
67909862
31815811
90864530
88750560
98690723
30584555
95796518
109400
974419
64979003
76900034
63183811
78275992
58192956
40441396
95085542
84643292
50216064
38483487
87480707
34618533
70501927
62397592
54081274
71672414
56425420
89838058
25101676
10661096
27990216
22109486
80835693
12621035
13832770
67528358
86144134
25368193
78251333
94743501
66503591
72831006
81223942
91960326
58136710
1007
81201984
39705908
54363273
31680579
27030444
20096300
20375209
84330235
88520492
18508297
61379176
29340293
65342976
80444547
52379911
78733618
30877307
28133510
86478808
63663661
78370886
39793437
47142997
88445148
48690978
62883872
35679224
80568301
47118361
44311231
19289821
40252405
49403764
45868737
16717133
50758129
17051134
93160752
33669490
11712957
75754509
36322537
95920455
30748779
28795
69914721
69118094
97321941
54807020
40264045
58320221
68998691
87618303
28412101
80811873
80066341
68399275
72331647
111638
9887242
31918452
34880794
96638237
69000173
30695387
11066295
32816955
35847140
4254508
43441738
85736719
83297142
17103172
66387996
43922112
33725284
54328848
22263072
34976347
92825242
42089994
94181561
95118911
25171676
12341628
72197817
69613232
96959765
23448906
14120452
5497149
66955532
28287741
54970688
50569896
81973773
34658593
55697902
79556868
90735019
71450385
28148155
56432433
7705549
96616732
39777592
82971371
59130384
85088084
49183597
52396817
65008049
88891266
99259130
63176457
49791181
94430916
14876212
24788876
99393148
31035249
72279144
75709497
72784431
78133518
90811686
4112163
81739282
75252673
76481207
46104964
37511959
79487585
1105106
98533499
32093723
70274931
84227334
30362142
71597498
56703410
75445538
36278945
31057757
42174256
25791261
59587245
77127034
37910586
38136055
15832556
2775042
59767995
59111793
64232303
45602392
48506989
78831020
5010808
78070800
99612173
5313575
59800920
49580355
66350027
5777129
64329121
12055894
76741328
9708340
20079832
33065400
92679851
54383948
63747038
3503235
72997066
86999334
8926578
70793913

